     0/191        0G   0.09246    0.1077   0.04451    0.2446        50       416  0.002991   0.04027 0.0007754 0.0001488   0.08347    0.1135   0.03884
     1/191        0G   0.09089      0.11   0.04105     0.242        67       416   0.00231   0.03318 0.0002707 4.832e-05   0.08329     0.113   0.03811
     2/191        0G   0.08903    0.1176   0.04063    0.2472       117       416  0.002837   0.03571 0.0005387   9.2e-05   0.08347    0.1119   0.03851
     3/191        0G   0.08598    0.1157   0.03889    0.2405        72       416  0.002836   0.02052 0.0004661 7.181e-05   0.08343    0.1147   0.03846
     4/191        0G   0.08429    0.1145   0.03857    0.2373        54       416  0.001256    0.0461  0.000181  2.08e-05   0.08432     0.124   0.03876
     5/191        0G   0.08247    0.1133   0.03582    0.2316        56       416  0.002404   0.08004 0.0007373 0.0001125   0.08305    0.1266   0.03834
     6/191        0G   0.08111      0.12   0.03423    0.2354        78       416   0.02939    0.1187  0.003508 0.0007004   0.08275    0.1224   0.03789
     7/191        0G   0.08058    0.1164   0.03272    0.2297        55       416   0.08501   0.07435   0.03312  0.007088   0.08404    0.1092   0.03611
     8/191        0G   0.07806    0.1109     0.032    0.2209        67       416    0.4307    0.1056   0.04385  0.008455   0.08541    0.1078   0.03682
     9/191        0G   0.07741    0.1103   0.03003    0.2178        56       416    0.3797    0.1605   0.03314  0.005419   0.08616    0.1071   0.03774
    10/191        0G   0.07555    0.1095   0.02857    0.2136        34       416    0.7661   0.08308   0.05834   0.01244   0.08459    0.1054    0.0332
    11/191        0G   0.07695    0.1041   0.02901    0.2101        84       416    0.7287    0.1153   0.05735    0.0114   0.08574   0.09087    0.0325
    12/191        0G    0.0765    0.1139   0.02813    0.2185       123       416    0.2507    0.2396   0.07693   0.01701   0.08181    0.0921   0.03487
    13/191        0G    0.0746    0.1062   0.02613     0.207        63       416    0.1502    0.2802   0.08776   0.01902   0.08163   0.08869   0.03069
    14/191        0G   0.07237    0.1032   0.02526    0.2008        69       416    0.1487    0.3613    0.1034   0.02099   0.07847   0.09534   0.03615
    15/191        0G   0.07294   0.09883   0.02454    0.1963        48       416    0.1425    0.3209   0.09433   0.02086    0.0773   0.09151   0.02775
    16/191        0G   0.07136    0.1035   0.02326    0.1981        53       416    0.1177    0.3554    0.1209    0.0256   0.07262    0.1121   0.03241
    17/191        0G   0.07124    0.1056    0.0223    0.1991        52       416    0.5313    0.1624    0.1218   0.02884   0.07443    0.1072   0.02596
    18/191        0G   0.07184    0.1011   0.02214    0.1951        48       416     0.126    0.3738    0.1376   0.03243   0.07407    0.1089   0.02353
    19/191        0G   0.06994    0.1003   0.02176     0.192        92       416    0.4737    0.2318    0.1252   0.02683   0.07278    0.1196   0.02139
    20/191        0G   0.06954   0.09621   0.02209    0.1879        49       416    0.1627    0.3872    0.1772   0.05067   0.07251   0.09646   0.01985
    21/191        0G    0.0688    0.1027   0.02086    0.1923        75       416    0.5621    0.2439     0.224   0.06485   0.06801    0.1486   0.01906
    22/191        0G   0.06951   0.09295   0.02126    0.1837        61       416    0.2116    0.4518    0.2411   0.07994   0.06787    0.1076    0.0179
    23/191        0G    0.0676   0.09366   0.02021    0.1815        57       416    0.2799     0.429     0.279   0.09084   0.06689   0.08737   0.01743
    24/191        0G   0.06544   0.09693   0.01889    0.1813        54       416    0.3408    0.4474    0.3364    0.1251   0.06552   0.09532   0.02096
    25/191        0G   0.06741   0.09524   0.01966    0.1823       100       416    0.2975    0.4651    0.3268    0.1163   0.06431   0.09107   0.01983
    26/191        0G   0.06481   0.09262   0.01906    0.1765        75       416    0.3846    0.4171    0.3293    0.1218   0.06512   0.08224   0.01744
    27/191        0G    0.0642   0.09365   0.01894    0.1768        43       416    0.3685    0.4686    0.3606    0.1297   0.06309   0.08206   0.02016
    28/191        0G   0.06275   0.09041     0.019    0.1722        44       416    0.4269    0.4405    0.3756    0.1456   0.06173    0.0832   0.01616
    29/191        0G   0.06338   0.09194   0.01903    0.1743        56       416    0.4983    0.4374    0.4056     0.166   0.06359   0.08067   0.01647
    30/191        0G   0.06341   0.09644   0.01837    0.1782       128       416    0.4514    0.4296     0.378    0.1413   0.06429   0.08322   0.01707
    31/191        0G   0.06492   0.09338   0.01845    0.1768       110       416    0.4594    0.4361    0.3879    0.1376   0.06153   0.08433   0.01548
    32/191        0G   0.06386   0.09193   0.01773    0.1735        77       416    0.4348    0.4503    0.3808     0.146   0.06102    0.0824   0.01581
    33/191        0G   0.06466   0.09857   0.01838    0.1816       136       416    0.4595    0.4547    0.4169    0.1598   0.06019   0.09889    0.0183
    34/191        0G   0.06104   0.09415   0.01757    0.1728        67       416    0.5273    0.4324    0.4413    0.1793    0.0575   0.08039   0.01731
    35/191        0G   0.06135    0.0889   0.01715    0.1674        56       416    0.5328    0.4487    0.4549    0.1486   0.05838   0.08539   0.01683
    36/191        0G   0.06079   0.08253   0.01756    0.1609        35       416    0.6055    0.4338    0.4539    0.1939   0.05813   0.08182   0.01582
    37/191        0G   0.05872   0.08378   0.01706    0.1596        39       416    0.5852    0.4659    0.4859    0.2017   0.05654   0.07713    0.0155
    38/191        0G    0.0596    0.0878   0.01694    0.1643        56       416    0.5651    0.5081    0.5144    0.2076   0.05658   0.07625   0.01493
    39/191        0G    0.0595   0.08323   0.01661    0.1593        56       416    0.6238    0.4858    0.5209    0.2478   0.05492   0.08015   0.01505
    40/191        0G   0.05958   0.08455   0.01731    0.1614        61       416    0.7202    0.4665    0.5419    0.2488   0.05511   0.07812   0.01478
    41/191        0G   0.05803   0.08259   0.01689    0.1575        65       416    0.6081     0.493    0.5185    0.2593   0.05395   0.07494   0.01702
    42/191        0G   0.05779   0.08729   0.01671    0.1618        63       416    0.7618    0.4722    0.5567    0.2658   0.05476   0.07928   0.01391
    43/191        0G   0.05862   0.08919   0.01605    0.1639        96       416    0.6528    0.4989    0.5316      0.24   0.05408    0.0749   0.01468
    44/191        0G   0.05875   0.08729   0.01576    0.1618        80       416    0.7313    0.4685    0.5405    0.2575   0.05484   0.07558    0.0133
    45/191        0G   0.05806   0.08449    0.0155     0.158        58       416    0.6151    0.4614     0.477    0.2228   0.05644   0.07504   0.01369
    46/191        0G   0.06005   0.08802   0.01588     0.164        86       416    0.7036    0.4592    0.5171    0.2238   0.05452   0.07269    0.0139
    47/191        0G   0.05732   0.08689   0.01558    0.1598        53       416     0.602    0.5375    0.5224    0.2091    0.0561    0.0745   0.01306
    48/191        0G   0.05844   0.08751    0.0159    0.1618        72       416    0.6969    0.4794    0.5348     0.241   0.05313   0.07625   0.01384
    49/191        0G   0.05708   0.09356   0.01613    0.1668       117       416    0.6217    0.4759    0.5024    0.2197   0.05485   0.07452   0.01485
    50/191        0G    0.0582   0.09435   0.01674    0.1693       124       416    0.6689    0.4808    0.5503    0.2351   0.05755   0.07902   0.01399
    51/191        0G   0.05538     0.084    0.0147    0.1541        53       416    0.6305    0.4972    0.5278    0.2657   0.05267   0.07014   0.01617
    52/191        0G    0.0558    0.0838   0.01523    0.1548        61       416    0.7187    0.5242    0.5954    0.2972   0.05236   0.07979   0.01306
    53/191        0G   0.05458   0.08104   0.01486    0.1505        47       416    0.7083    0.4738    0.5611    0.2773   0.05281   0.06871   0.01718
    54/191        0G   0.05728   0.09626   0.01653    0.1701       166       416    0.7567    0.4941    0.6012    0.2946   0.05298   0.07378   0.01326
    55/191        0G   0.05674   0.08264   0.01455    0.1539        61       416    0.6815    0.5402    0.5945    0.2887   0.05211   0.07348   0.01262
    56/191        0G   0.05542   0.07977   0.01503    0.1502        42       416    0.7407    0.4917    0.5696     0.293   0.05274   0.07007   0.01303
    57/191        0G   0.05609   0.08835   0.01514    0.1596        71       416    0.6874    0.4909    0.5635    0.2881   0.05139   0.07021   0.01583
    58/191        0G   0.05625   0.08161   0.01564    0.1535        65       416    0.7167    0.5258    0.6035    0.2764   0.05252   0.06921   0.01472
    59/191        0G   0.05648   0.08951   0.01523    0.1612        78       416    0.6984    0.5314    0.5954    0.3194   0.05135   0.07048   0.01303
    60/191        0G   0.05376   0.07778    0.0151    0.1466        57       416    0.6895    0.5313    0.5906    0.3234   0.04973   0.07006   0.01477
    61/191        0G   0.05365    0.0817   0.01438    0.1497        58       416    0.7861    0.5225    0.6201    0.3239   0.05018   0.06805   0.01226
    62/191        0G   0.05377   0.08139   0.01508    0.1502        63       416    0.7367    0.5175    0.6161     0.334   0.04998   0.06913   0.01434
    63/191        0G   0.05358   0.08299   0.01468    0.1512       111       416    0.7347    0.5641    0.6345    0.3497   0.04949   0.06688   0.01243
    64/191        0G   0.05357   0.07957   0.01381     0.147        50       416    0.7591    0.5455    0.6251    0.3451   0.04933   0.06644    0.0131
    65/191        0G   0.05357   0.08023   0.01338    0.1472        59       416    0.7863    0.5213    0.6254    0.3364   0.05046   0.06599   0.01194
    66/191        0G   0.05361    0.0813   0.01422    0.1491        59       416    0.6801    0.5709    0.6091    0.3222   0.05123   0.06934   0.01247
    67/191        0G   0.05418   0.07814   0.01459    0.1469        74       416    0.7643    0.5567    0.6468    0.3717   0.04847   0.06619   0.01202
    68/191        0G   0.05304   0.07688   0.01333    0.1433        29       416    0.8104    0.5141    0.6239     0.363   0.04897   0.06748   0.01264
    69/191        0G   0.05192    0.0757   0.01472    0.1423        29       416    0.6695    0.5841    0.6193    0.3501   0.04828   0.06671    0.0139
    70/191        0G   0.05298   0.08385   0.01449    0.1513        73       416    0.7601    0.4979    0.5983    0.3321   0.04939   0.07933   0.01267
    71/191        0G    0.0514   0.07933   0.01464    0.1454        65       416    0.7205    0.5573    0.6125    0.3371   0.05131   0.07041   0.01253
    72/191        0G   0.05159   0.07911   0.01427     0.145        44       416    0.7819    0.5282    0.6277     0.337   0.04953   0.06531   0.01208
    73/191        0G   0.05138   0.08009   0.01322    0.1447        60       416    0.7071    0.5578    0.6359    0.3494   0.04859   0.06738   0.01292
    74/191        0G   0.05249   0.07932   0.01341    0.1452        72       416    0.7678    0.5449    0.6301    0.3565   0.04845    0.0676   0.01251
    75/191        0G   0.05288   0.07771   0.01456    0.1452        59       416    0.6559    0.5209     0.599    0.3318   0.04781   0.06915   0.01908
    76/191        0G   0.05077   0.07646   0.01384    0.1411        73       416    0.6892    0.5586    0.5995     0.316   0.05045   0.07313   0.01231
    77/191        0G   0.05216   0.07821   0.01371    0.1441        60       416    0.7298    0.5754    0.6429    0.3564   0.04864   0.06869   0.01183
    78/191        0G   0.05088   0.07205    0.0139    0.1368        44       416    0.7697    0.5682    0.6455    0.3559   0.04785   0.07059   0.01232
    79/191        0G   0.05147   0.07439    0.0134    0.1393        32       416    0.7876    0.5339    0.6241    0.3457   0.04783   0.06715   0.01118
    80/191        0G   0.05094   0.07826   0.01406    0.1432        50       416    0.8062    0.5543    0.6583    0.3773   0.04678   0.06387   0.01173
    81/191        0G   0.05091   0.07433   0.01313    0.1384        55       416    0.7549    0.5777    0.6492    0.3708   0.04733   0.06562   0.01192
    82/191        0G   0.05257   0.08177   0.01352    0.1479        79       416    0.7632    0.5908    0.6635    0.3863   0.04719   0.06489   0.01242
    83/191        0G   0.05167   0.07831   0.01373    0.1437        54       416     0.773    0.5577    0.6462    0.3673   0.04739   0.06567   0.01232
    84/191        0G   0.05004   0.07676   0.01368    0.1405        54       416    0.7938    0.5712    0.6579     0.385   0.04678   0.06402   0.01142
    85/191        0G   0.05104   0.07383   0.01308    0.1379        60       416    0.6998    0.5835    0.6378    0.3709   0.04617   0.06419   0.01562
    86/191        0G   0.05047   0.07422   0.01355    0.1382        61       416    0.7265    0.5499    0.6176    0.3501   0.04888    0.0688   0.01398
    87/191        0G   0.05028    0.0775    0.0132     0.141        71       416    0.7161    0.5354    0.6033    0.3548   0.04935   0.07507   0.01251
    88/191        0G   0.05169   0.07401   0.01368    0.1394        45       416      0.73    0.5747    0.6482    0.3785   0.04757   0.06456   0.01391
    89/191        0G   0.05053   0.07553   0.01314    0.1392        36       416    0.7955    0.5647    0.6656    0.3892   0.04638   0.06279   0.01193
    90/191        0G    0.0525   0.07681   0.01379    0.1431        96       416     0.727    0.5741    0.6403    0.3507   0.04762   0.06566   0.01383
    91/191        0G   0.05188   0.07402   0.01358    0.1395        61       416    0.7159    0.5944    0.6478    0.3738   0.04805   0.06484   0.01229
    92/191        0G   0.04961   0.07137   0.01305     0.134        57       416     0.764    0.5558    0.6548    0.3738    0.0476   0.06454   0.01367
    93/191        0G   0.04952   0.07174   0.01345    0.1347        45       416    0.7854    0.5584    0.6478    0.3869   0.04637   0.06375   0.01212
    94/191        0G   0.04969   0.07288   0.01306    0.1356        55       416     0.764    0.5909    0.6743    0.3851   0.04537   0.06154   0.01292
    95/191        0G   0.04937   0.07345   0.01307    0.1359        48       416    0.7685    0.5887    0.6769    0.4138    0.0455   0.06468   0.01191
    96/191        0G   0.04929   0.07195   0.01301    0.1342        46       416    0.7905    0.5751    0.6653    0.3865   0.04604   0.06493   0.01147
    97/191        0G   0.04886   0.07743   0.01253    0.1388        58       416    0.7629    0.6041     0.683    0.4238   0.04569   0.06322   0.01165
    98/191        0G   0.04942    0.0721    0.0127    0.1342        39       416    0.7922    0.5684    0.6694    0.4107   0.04546   0.06373   0.01109
    99/191        0G   0.05006    0.0715   0.01242     0.134        69       416    0.8283    0.5643    0.6764    0.4107   0.04548   0.06253   0.01164
   100/191        0G   0.04888   0.06957   0.01252     0.131        39       416    0.8004    0.5846    0.6809    0.4132   0.04525   0.06164   0.01101
   101/191        0G   0.04961   0.07374   0.01299    0.1363        54       416    0.7318    0.5929    0.6616    0.4061   0.04512   0.06475   0.01306
   102/191        0G   0.04835    0.0728   0.01282     0.134        74       416    0.7133    0.6008    0.6753    0.4136    0.0444   0.06038   0.01515
   103/191        0G   0.04966   0.07716   0.01263    0.1394       118       416    0.7376    0.6036    0.6636    0.3935   0.04592   0.06305   0.01257
   104/191        0G   0.04936   0.07135   0.01284    0.1335        45       416    0.7863    0.6135     0.698    0.4205   0.04481    0.0634   0.01149
   105/191        0G   0.04865   0.07026   0.01331    0.1322        60       416    0.8029    0.5724    0.6794    0.4128   0.04487   0.06227   0.01205
   106/191        0G   0.04893   0.07603   0.01251    0.1375        57       416    0.8003    0.5764    0.6746    0.4274   0.04445   0.06702   0.01086
   107/191        0G   0.04742   0.07163   0.01213    0.1312        60       416    0.7835    0.5999    0.6911    0.4129   0.04474   0.06175   0.01084
   108/191        0G   0.04807   0.06888   0.01282    0.1298        60       416    0.8298    0.5821    0.7046     0.424   0.04425   0.06022   0.01094
   109/191        0G   0.04843   0.07295   0.01243    0.1338        62       416    0.7763    0.5664    0.6698    0.4097   0.04435   0.06148    0.0144
   110/191        0G   0.04716   0.06931   0.01242    0.1289        53       416    0.8075    0.6074    0.7038    0.4418     0.044   0.06129   0.01078
   111/191        0G   0.04705   0.07241   0.01227    0.1317        56       416    0.7944    0.5925    0.6815    0.4286    0.0445   0.06178   0.01155
   112/191        0G   0.04888   0.06774   0.01258    0.1292        80       416    0.7377    0.6095    0.6758    0.4089   0.04498   0.06218   0.01232
   113/191        0G   0.04654   0.06771    0.0122    0.1265        46       416    0.7753    0.6191    0.6972     0.441   0.04325   0.05997     0.011
   114/191        0G   0.04776    0.0703   0.01282    0.1309        57       416    0.7565    0.6025    0.6825    0.4262   0.04466   0.06168   0.01194
   115/191        0G   0.04806   0.07035   0.01185    0.1303        55       416     0.668    0.6255     0.664    0.4186   0.04427   0.06197   0.01665
   116/191        0G   0.04832   0.06844    0.0132      0.13        59       416    0.7751    0.6226    0.6923    0.4216    0.0442   0.06074   0.01047
   117/191        0G   0.04738   0.06939   0.01231    0.1291        61       416    0.8302    0.5878    0.6945    0.4377   0.04424   0.06234   0.01037
   118/191        0G   0.04743   0.07042   0.01269    0.1305        56       416    0.8243     0.579    0.6848     0.428   0.04426   0.06048   0.01203
   119/191        0G   0.04891   0.07068   0.01259    0.1322        51       416    0.8099    0.6057    0.7089    0.4336   0.04374   0.06213   0.01043
   120/191        0G   0.04666   0.07772   0.01206    0.1364        78       416    0.7896    0.6256    0.7112    0.4482   0.04356   0.05914   0.01063
   121/191        0G   0.04702   0.07313   0.01222    0.1324        74       416    0.7638    0.6319    0.7099    0.4493   0.04296   0.05937   0.01079
   122/191        0G   0.04563   0.06915   0.01164    0.1264        43       416    0.7884    0.6252    0.7108    0.4481   0.04281   0.05928   0.01065
   123/191        0G   0.04639   0.06584   0.01206    0.1243        37       416     0.765    0.6461    0.7112    0.4544    0.0429   0.05959   0.01065
   124/191        0G   0.04418   0.06401   0.01094    0.1191        31       416    0.7788    0.6275    0.7059    0.4378   0.04354   0.06022   0.01039
   125/191        0G   0.04778   0.07107   0.01263    0.1315        96       416    0.7664    0.6533     0.718    0.4578    0.0422   0.06033   0.01052
   126/191        0G    0.0467   0.06839   0.01281    0.1279        68       416    0.8255    0.6088    0.7094    0.4621   0.04205    0.0587   0.01056
   127/191        0G   0.04584   0.06826   0.01183    0.1259        49       416    0.7949    0.6162    0.7068    0.4604   0.04219   0.05917   0.01032
   128/191        0G   0.04428   0.07056   0.01128    0.1261        69       416     0.781     0.619    0.7067     0.456    0.0425   0.05967   0.01071
   129/191        0G     0.046   0.06892   0.01168    0.1266        61       416    0.8172    0.6231    0.7129    0.4553   0.04265   0.05959   0.01046
   130/191        0G    0.0469   0.06988   0.01152    0.1283        61       416    0.8278    0.5994    0.7112    0.4565   0.04268   0.06008   0.01095
   131/191        0G   0.04633   0.06708    0.0123    0.1257        58       416    0.8106    0.6143    0.7134    0.4605   0.04239    0.0592   0.01052
   132/191        0G   0.04502   0.07042   0.01161    0.1271        51       416    0.7642    0.6177    0.6983    0.4462   0.04235   0.05996   0.01208
   133/191        0G   0.04584   0.06741   0.01233    0.1256        63       416    0.8009    0.6127    0.7053    0.4623    0.0422   0.06016   0.01017
   134/191        0G   0.04666   0.06966   0.01193    0.1282        87       416    0.7919     0.621    0.7046    0.4535   0.04253   0.05989   0.01154
   135/191        0G    0.0451   0.06805   0.01165    0.1248        75       416    0.7556    0.6243    0.7041    0.4561   0.04196   0.05864   0.01143
   136/191        0G   0.04537   0.06762   0.01191    0.1249        67       416     0.795    0.6221    0.7064    0.4433   0.04261   0.06188   0.01145
   137/191        0G   0.04501   0.07092   0.01152    0.1275        68       416     0.772     0.631    0.7077    0.4503   0.04202   0.05844   0.01191
   138/191        0G   0.04572   0.07206   0.01139    0.1292        79       416    0.7643    0.6445    0.7094    0.4669   0.04148   0.05869   0.01135
   139/191        0G    0.0437   0.06454   0.01068    0.1189        44       416    0.8147    0.6251    0.7182    0.4752   0.04176    0.0588   0.01033
   140/191        0G   0.04486   0.06717   0.01142    0.1234        54       416    0.7925    0.6284    0.7123    0.4715   0.04163   0.05903   0.01027
   141/191        0G   0.04467     0.068   0.01177    0.1244        77       416    0.7922     0.614    0.7012    0.4665   0.04166   0.06007   0.01074
   142/191        0G   0.04641    0.0748   0.01217    0.1334       125       416    0.8027    0.6286    0.7142    0.4659   0.04165   0.05945   0.01036
   143/191        0G   0.04502   0.06833   0.01181    0.1252        92       416    0.7841    0.6135    0.7077    0.4657   0.04191    0.0618   0.01056
   144/191        0G    0.0458   0.06734   0.01244    0.1256        53       416    0.8202    0.6092    0.7184    0.4731   0.04154   0.05853   0.01016
   145/191        0G   0.04426   0.06309   0.01159    0.1189        45       416    0.7721    0.6278    0.7136    0.4644   0.04132   0.05906    0.0111
   146/191        0G    0.0444   0.06523   0.01114    0.1208        52       416    0.7773    0.6422    0.7276    0.4765   0.04091    0.0576   0.01018
   147/191        0G   0.04448   0.06404   0.01091    0.1194        56       416    0.7663    0.6374    0.7082    0.4683   0.04158   0.06023   0.01076
   148/191        0G   0.04522   0.06539   0.01162    0.1222        61       416    0.8043    0.6328    0.7192    0.4759   0.04111   0.05851   0.01091
   149/191        0G   0.04478   0.06697   0.01095    0.1227        66       416    0.8137    0.6199    0.7203    0.4757   0.04096   0.05739   0.01045
   150/191        0G   0.04329   0.06464   0.01102    0.1189        56       416    0.7874    0.6311    0.7142    0.4742   0.04121   0.05875   0.01054
   151/191        0G   0.04436    0.0621   0.01138    0.1178        36       416    0.8102    0.6415    0.7223    0.4722   0.04102   0.05762   0.01014
   152/191        0G   0.04421   0.06528   0.01116    0.1206        65       416    0.8061    0.6311     0.721    0.4741   0.04116   0.05811   0.01032
   153/191        0G    0.0466   0.06978   0.01109    0.1275       112       416    0.8226    0.6225    0.7285     0.472   0.04118   0.05766   0.01004
   154/191        0G   0.04562   0.06813   0.01148    0.1252       116       416    0.8267    0.6154    0.7215    0.4718   0.04117    0.0579   0.01016
   155/191        0G   0.04407   0.06529   0.01087    0.1202        72       416     0.816    0.6374    0.7284    0.4817    0.0409   0.05755   0.01031
   156/191        0G   0.04506   0.07107   0.01104    0.1272       105       416    0.8269    0.6181    0.7221    0.4757   0.04092    0.0572   0.01102
   157/191        0G   0.04582   0.06603   0.01154    0.1234        95       416    0.8016    0.6358    0.7239    0.4778   0.04077   0.05737   0.01023
   158/191        0G   0.04327   0.06506   0.01159    0.1199        48       416    0.7867    0.6489    0.7263    0.4768   0.04098   0.05727   0.01028
   159/191        0G   0.04372   0.06232   0.01078    0.1168        37       416    0.7797    0.6283    0.7083    0.4751   0.04054   0.05775   0.01156
   160/191        0G   0.04382   0.06654   0.01128    0.1216        46       416    0.7963    0.6576    0.7366    0.4824   0.04124   0.05736  0.009811
   161/191        0G   0.04511   0.07381   0.01095    0.1299       102       416    0.8207    0.6433    0.7376    0.4877   0.04065   0.05797   0.01021
   162/191        0G   0.04447   0.06219   0.01152    0.1182        45       416    0.8123    0.6303    0.7209    0.4845    0.0405   0.05682   0.01088
   163/191        0G   0.04335   0.06298    0.0107     0.117        60       416    0.8137    0.6307    0.7303     0.492   0.04037   0.05726  0.009969
   164/191        0G   0.04502   0.06696   0.01132    0.1233       115       416    0.7783    0.6618      0.73    0.4879    0.0404   0.05693  0.009876
   165/191        0G   0.04375   0.06764   0.01058     0.122        88       416    0.8051    0.6263    0.7171    0.4825   0.04054    0.0578   0.01066
   166/191        0G   0.04426    0.0653   0.01089    0.1205        61       416     0.801    0.6345    0.7174    0.4794   0.04043   0.05801   0.01056
   167/191        0G   0.04292   0.06542    0.0116    0.1199        71       416     0.837    0.6143    0.7203     0.485   0.04036   0.05771    0.0105
   168/191        0G    0.0434   0.06797   0.01012    0.1215        57       416    0.8221    0.6346    0.7292    0.4912    0.0404   0.05705   0.01048
   169/191        0G   0.04399   0.06233   0.01104    0.1174        58       416     0.816    0.6435     0.733    0.4931   0.04027   0.05665   0.01025
   170/191        0G   0.04422   0.06665   0.01081    0.1217        77       416    0.7967    0.6573     0.734     0.491   0.04035   0.05639   0.01032
   171/191        0G   0.04527   0.06281   0.01106    0.1191        70       416    0.8382    0.6192    0.7291    0.4923   0.04003   0.05652   0.01052
   172/191        0G   0.04335   0.06264   0.01065    0.1166        46       416    0.8272    0.6342    0.7329    0.4947   0.04001   0.05627   0.01016
   173/191        0G   0.04349   0.06975   0.01091    0.1241       131       416    0.7712    0.6687      0.73    0.4932   0.04011   0.05593   0.01028
   174/191        0G   0.04269   0.06054   0.01001    0.1132        40       416    0.8239    0.6279    0.7249    0.4938   0.04007   0.05593   0.01062
   175/191        0G   0.04479   0.06951   0.01028    0.1246       133       416     0.819    0.6332    0.7263    0.4948   0.04028   0.05636   0.01031
   176/191        0G   0.04345   0.06194   0.01053    0.1159        60       416    0.8034    0.6555    0.7285     0.495   0.04003   0.05627   0.01006
   177/191        0G   0.04426   0.06604   0.01107    0.1214        91       416    0.7894    0.6475    0.7249    0.4897   0.04007   0.05625   0.01031
   178/191        0G   0.04295   0.06362    0.0103    0.1169        55       416    0.8064    0.6352    0.7266    0.4879   0.03998   0.05617   0.01048
   179/191        0G    0.0447   0.06218   0.01139    0.1183        64       416     0.823    0.6348    0.7301    0.4944   0.03987   0.05605   0.01028
   180/191        0G   0.04266   0.06098   0.01036     0.114        81       416    0.8199    0.6371    0.7296     0.491   0.03997   0.05603   0.01036
   181/191        0G   0.04375   0.06308    0.0104    0.1172        84       416    0.7613    0.6656    0.7241    0.4908   0.03992   0.05596   0.01069
   182/191        0G   0.04305   0.06085   0.01021    0.1141        57       416    0.7925    0.6478    0.7271    0.4947   0.03982   0.05573    0.0105
   183/191        0G   0.04445   0.07044   0.01154    0.1264       107       416    0.7666    0.6728    0.7315    0.4991   0.03972   0.05576   0.01019
   184/191        0G   0.04261   0.06163   0.01032    0.1146        51       416    0.8142    0.6435    0.7352    0.4985   0.03975   0.05599   0.01015
   185/191        0G   0.04311   0.06578    0.0104    0.1193        87       416    0.8317    0.6349    0.7335    0.4962   0.03976   0.05635   0.01027
   186/191        0G   0.04327   0.06649   0.01003    0.1198        80       416    0.8363    0.6201    0.7285    0.4944   0.03976   0.05616   0.01055
   187/191        0G   0.04088   0.05856   0.01009    0.1095        49       416    0.8416    0.6195    0.7286    0.4958   0.03973   0.05587    0.0105
   188/191        0G   0.04292   0.06269   0.01067    0.1163        56       416    0.8646    0.6092    0.7302    0.4965   0.03986   0.05591   0.01027
   189/191        0G   0.04419   0.06415   0.01056    0.1189        87       416    0.7723    0.6615    0.7297    0.4969    0.0398   0.05571   0.01018
   190/191        0G   0.04237   0.06058   0.01067    0.1136        45       416    0.7524    0.6761    0.7285    0.4971   0.03978   0.05584   0.01018
   191/191        0G   0.04266   0.05894   0.01019    0.1118        61       416    0.7894    0.6491    0.7277    0.4971   0.03977   0.05584   0.01025
