     0/199     2.74G   0.07437    0.1866   0.03101    0.2919        28      3072    0.1243    0.1622   0.04813   0.01021    0.0636    0.1528   0.02767
     1/199     6.01G   0.05771    0.1143   0.02618    0.1982        28      3072    0.1397    0.4317    0.1365   0.04878   0.04919    0.1412    0.0243
     2/199     6.01G   0.05235    0.1022   0.02471    0.1792        28      3072     0.189    0.3763    0.1351   0.05528   0.04874    0.1331   0.02219
     3/199     6.01G   0.04624   0.09623   0.02204    0.1645        28      3072    0.2662    0.4399    0.2594    0.1125   0.04121    0.1118    0.0211
     4/199     6.01G   0.04029   0.09301   0.02059    0.1539        28      3072    0.2654    0.4562    0.2932    0.1441   0.03555    0.1063   0.02041
     5/199     6.01G   0.03784   0.09214   0.02035    0.1503        55      3072    0.2284     0.564    0.3397    0.2139   0.03267    0.1022   0.01907
     6/199     6.01G   0.03372   0.08732    0.0182    0.1392        25      3072     0.338    0.5276     0.379    0.1941   0.03272    0.0947   0.01719
     7/199     6.01G   0.03112   0.07894   0.01666    0.1267        28      3072    0.3063    0.6127    0.3981    0.1841   0.03428   0.09139   0.01497
     8/199     6.01G   0.03221   0.07229    0.0148    0.1193        28      3072    0.3957    0.6678    0.5182    0.2281   0.03196   0.08963    0.0134
     9/199     6.01G    0.0296   0.07311   0.01343    0.1161        28      3072     0.466    0.7045    0.5827    0.2807   0.03006   0.08884   0.01204
    10/199     6.01G   0.03086   0.07719   0.01314    0.1212        60      3072     0.433    0.6893     0.546     0.319   0.02727   0.08916   0.01147
    11/199     6.01G   0.02667   0.07401   0.01148    0.1122        28      3072    0.5185    0.6787    0.6079    0.3709   0.02725    0.0856   0.01061
    12/199     6.01G   0.02571   0.07192   0.01144    0.1091        23      3072    0.5135    0.7231    0.6119     0.412   0.02421   0.08466   0.01073
    13/199     6.01G   0.02581   0.06968   0.01058    0.1061        28      3072     0.497    0.7143    0.6034     0.407   0.02409   0.08334   0.01005
    14/199     6.01G   0.02592   0.06855   0.01065    0.1051        54      3072    0.5351    0.7342    0.6226      0.41   0.02313    0.0823  0.009883
    15/199     6.01G   0.02368   0.06409   0.01034   0.09811        23      3072      0.53     0.728    0.6194    0.4454   0.01996   0.08182  0.009702
    16/199     6.01G   0.02443   0.07179   0.01002    0.1062        28      3072    0.5339     0.758    0.6265    0.4161   0.02315     0.082  0.009408
    17/199     6.01G   0.02376   0.06749   0.00994    0.1012        28      3072     0.533    0.7013    0.6174    0.4012   0.02255   0.08241  0.009643
    18/199     6.01G   0.02338   0.06769      0.01    0.1011        28      3072     0.534     0.749    0.6284    0.4446   0.01903   0.08531  0.009502
    19/199     6.01G   0.02245   0.07112  0.009613    0.1032        25      3072    0.5506    0.7418    0.6405     0.445   0.02076   0.08043  0.009594
    20/199     6.01G   0.02193   0.06197  0.009517   0.09342        28      3072     0.533    0.7803    0.6332    0.4453   0.02018   0.07923  0.009316
    21/199     6.01G   0.02127   0.06827  0.009366    0.0989        28      3072    0.5467    0.7799    0.6301     0.427   0.02221   0.08319  0.009149
    22/199     6.01G   0.02246    0.0673  0.009587   0.09934        22      3072    0.5479    0.7705    0.6511    0.4549   0.02127   0.07836   0.00913
    23/199     6.01G   0.02158   0.06505  0.009932   0.09656        28      3072    0.5882     0.744    0.6465    0.4585   0.02036   0.07959  0.008934
    24/199     6.01G   0.02166   0.06257  0.009216   0.09345        28      3072     0.532    0.7781    0.6399    0.4532   0.02148   0.07856  0.009288
    25/199     6.01G   0.02211   0.06247   0.00881   0.09339        28      3072    0.5712    0.7631    0.6429     0.454   0.02081   0.07785  0.009046
    26/199     6.01G   0.02069    0.0628  0.009121   0.09262        22      3072    0.5627    0.7843    0.6409    0.4638   0.01924   0.07859  0.009078
    27/199     6.01G   0.02041   0.06267  0.008878   0.09196        28      3072    0.5402    0.8119    0.6452    0.4622   0.02185   0.07963  0.008696
    28/199     6.01G   0.02137   0.06352  0.009571   0.09446        28      3072     0.564    0.7658    0.6465    0.4704   0.01912   0.07781  0.008839
    29/199     6.01G   0.01942   0.06328   0.00846   0.09116        22      3072    0.5773    0.7361    0.6537    0.4895   0.01918   0.07834  0.009231
    30/199     6.01G   0.01999   0.06103   0.00893   0.08995        28      3072    0.5466    0.7856    0.6513    0.4833   0.01879   0.07742  0.008922
    31/199     6.01G   0.01914   0.06103  0.008616   0.08879        28      3072    0.5709     0.779    0.6484     0.486   0.01782   0.07692  0.008707
    32/199     6.01G   0.01992   0.06022  0.008724   0.08886        28      3072    0.5602    0.7861    0.6488    0.4838   0.01724   0.07955  0.008513
    33/199     6.01G   0.01855   0.06081  0.008894   0.08825        25      3072    0.5759    0.7864    0.6579    0.4947   0.01701    0.0753  0.008773
    34/199     6.01G   0.01813   0.06006   0.00832    0.0865        48      3072    0.5871    0.7621    0.6603     0.502    0.0162   0.07561  0.008709
    35/199     6.01G   0.01973   0.06117  0.008659   0.08956        28      3072    0.5881    0.8008    0.6558    0.4848   0.01722   0.07601  0.008561
    36/199     6.01G   0.01923   0.06044  0.008199   0.08786        28      3072    0.5772    0.7826    0.6587    0.4856     0.017   0.07581  0.008895
    37/199     6.01G   0.01749   0.05676  0.008316   0.08257        23      3072    0.5811    0.7878    0.6522    0.4876   0.01806   0.07682  0.008669
    38/199     6.01G   0.01838   0.05886  0.008425   0.08567        23      3072    0.5675    0.8022    0.6498    0.4818   0.01657   0.07623  0.008577
    39/199     6.01G   0.01768   0.05666  0.008424   0.08277        28      3072    0.5664    0.8038    0.6593    0.4839    0.0172   0.07607  0.008694
    40/199     6.01G   0.01848   0.05725  0.008454   0.08419        25      3072    0.5852    0.7882    0.6658     0.499   0.01719   0.07576  0.008422
    41/199     6.01G   0.01772   0.05693  0.008107   0.08276        28      3072    0.5883    0.7808    0.6593    0.5124   0.01605   0.07444  0.008761
    42/199     6.01G   0.01814    0.0585  0.008763   0.08541        20      3072    0.5893    0.7676    0.6675    0.5156   0.01606   0.07566  0.008882
    43/199     6.01G   0.01755   0.05489  0.007894   0.08033        28      3072     0.579    0.7886    0.6619    0.5125   0.01695   0.07584  0.008582
    44/199     6.01G   0.01792    0.0611  0.007959   0.08699        23      3072    0.5855    0.7769    0.6608    0.5115   0.01667   0.07547  0.008977
    45/199     6.01G   0.01752   0.05576  0.008207   0.08149        28      3072    0.6014    0.7769    0.6758    0.5224   0.01651   0.07515  0.008268
    46/199     6.01G   0.01767    0.0569    0.0082   0.08277        28      3072    0.6194    0.7319    0.6759      0.52   0.01564   0.07503  0.008611
    47/199     6.01G   0.01715   0.05462  0.007952   0.07972        20      3072    0.6141    0.7327    0.6723    0.5229   0.01649   0.07513  0.008571
    48/199     6.01G    0.0171   0.05395  0.007811   0.07885        28      3072    0.6258    0.7089     0.674    0.5137   0.01532   0.07556  0.008391
    49/199     6.01G   0.01706   0.05885  0.007728   0.08364        28      3072    0.6091     0.752    0.6831    0.5246   0.01561   0.07439   0.00823
    50/199     6.01G   0.01615   0.05297  0.007555   0.07667        28      3072    0.6291    0.7391     0.678    0.5212   0.01617   0.07816  0.008184
    51/199     6.01G   0.01628   0.05696  0.007626   0.08086        28      3072    0.6068     0.797    0.6948    0.5395   0.01506   0.07452  0.008014
    52/199     6.01G   0.01682   0.05633  0.007871   0.08102        22      3072    0.6332    0.7381    0.6915     0.536   0.01555   0.07538  0.008078
    53/199     6.01G   0.01698   0.05364  0.007711   0.07833        25      3072     0.622    0.7526    0.6905    0.5243   0.01595   0.07423  0.008103
    54/199     6.01G   0.01667   0.05527  0.007955   0.07989        41      3072    0.5961    0.8058     0.691    0.5232   0.01627   0.07752  0.008009
    55/199     6.01G   0.01674   0.05529    0.0082   0.08023        28      3072    0.5981     0.794    0.6994    0.5411   0.01517   0.07524  0.008044
    56/199     6.01G   0.01712   0.05276  0.007495   0.07737        29      3072    0.6258    0.7505    0.7072    0.5459   0.01614   0.07569  0.008167
    57/199     6.01G   0.01608   0.05329  0.007477   0.07686        28      3072    0.6266    0.7633     0.699    0.5468    0.0154    0.0758  0.008282
    58/199     6.01G   0.01666   0.05421    0.0077   0.07857        24      3072    0.6154    0.7838    0.7055    0.5568   0.01541   0.07476  0.008175
    59/199     6.01G    0.0166   0.05463  0.007427   0.07866        28      3072    0.6305    0.7475     0.709    0.5529   0.01637   0.07607   0.00828
    60/199     6.01G   0.01623   0.05217   0.00754   0.07593        28      3072    0.6213    0.7798    0.7089    0.5546   0.01572    0.0765  0.008037
    61/199     6.01G   0.01607   0.05321  0.007213    0.0765        28      3072    0.6302    0.7726    0.7217    0.5682   0.01539   0.07437  0.008109
    62/199     6.01G   0.01566    0.0535  0.006999   0.07616        28      3072    0.6607    0.7388     0.722    0.5682   0.01586   0.07677  0.008145
    63/199     6.01G   0.01662   0.05344  0.007164   0.07722        24      3072    0.6687     0.743    0.7421     0.588   0.01473   0.07498  0.007592
    64/199     6.01G   0.01576   0.05359  0.007255   0.07661        28      3072    0.6813    0.7568    0.7546     0.596   0.01464   0.07374  0.007443
    65/199     6.01G    0.0155   0.05359  0.006962   0.07605        23      3072     0.705    0.7309    0.7577     0.597   0.01443   0.07636  0.007603
    66/199     6.01G   0.01544   0.05112  0.006725   0.07328        26      3072    0.6741    0.7656    0.7538     0.592   0.01446   0.07497  0.007565
    67/199     6.01G   0.01603   0.05244  0.006813   0.07528        28      3072    0.6999     0.757    0.7769    0.6138   0.01456   0.07564  0.007129
    68/199     6.01G   0.01541   0.05141  0.006241   0.07306        24      3072    0.6794    0.7752    0.7684    0.6016   0.01501   0.07586  0.007442
    69/199     6.01G   0.01536   0.04879  0.006658   0.07081        23      3072    0.7635    0.7052    0.7832    0.6157   0.01496   0.07517   0.00713
    70/199     6.01G   0.01579   0.05201  0.006527   0.07433        28      3072    0.7649    0.7166    0.7929    0.6308   0.01508   0.07464  0.006844
    71/199     6.01G    0.0155   0.05072  0.006649   0.07287        28      3072    0.6608    0.7991    0.7699    0.5959    0.0154    0.0771  0.007321
    72/199     6.01G   0.01537   0.05314  0.006274   0.07478        61      3072    0.7173    0.7297    0.7806    0.6069   0.01521   0.07536  0.007207
    73/199     6.01G   0.01524   0.04878  0.006191    0.0702        28      3072    0.6584    0.8246     0.781    0.6164   0.01467   0.07656  0.007422
    74/199     6.01G   0.01538    0.0527  0.006094   0.07417        28      3072    0.6987    0.7846    0.8001    0.6393   0.01471   0.07529  0.006974
    75/199     6.01G   0.01517   0.05154  0.006183   0.07289        26      3072    0.7619    0.7333    0.8019    0.6404   0.01473   0.07642  0.006708
    76/199     6.01G   0.01487   0.04975  0.006231   0.07085        28      3072    0.7476    0.7369    0.7965    0.6388   0.01447   0.07589  0.006699
    77/199     6.01G   0.01448   0.05113  0.006091    0.0717        18      3072     0.713    0.7606    0.7901     0.627   0.01468    0.0769  0.006706
    78/199     6.01G    0.0152   0.05139  0.006479   0.07307        28      3072    0.7174    0.7741    0.8033    0.6389    0.0149   0.07706  0.006873
    79/199     6.01G   0.01516   0.05275  0.005839   0.07374        28      3072    0.7181    0.7654    0.8026    0.6437    0.0145   0.07679  0.007065
    80/199     6.01G   0.01468   0.04934  0.005798   0.06983        25      3072    0.7115    0.7958    0.8078    0.6449   0.01446   0.07611   0.00639
    81/199     6.01G   0.01491   0.05044   0.00578   0.07113        28      3072    0.7385    0.7888    0.8238    0.6447   0.01442    0.0752  0.006489
    82/199     6.01G   0.01529     0.051  0.005856   0.07215        20      3072    0.7378    0.7744    0.8162    0.6508    0.0146   0.07818  0.006361
    83/199     6.01G   0.01451   0.04971  0.006007   0.07023        28      3072    0.7407    0.7962    0.8256    0.6596    0.0143   0.07506  0.006792
    84/199     6.01G   0.01474   0.05079  0.005546   0.07108        47      3072     0.694    0.8281      0.82    0.6553   0.01448   0.07651   0.00645
    85/199     6.01G   0.01462   0.04955    0.0055   0.06968        28      3072    0.7647    0.7862    0.8405    0.6744   0.01416   0.07536  0.006046
    86/199     6.01G   0.01448   0.05032  0.005291    0.0701        19      3072    0.7522    0.7785    0.8349    0.6715   0.01463    0.0763   0.00612
    87/199     6.01G    0.0143   0.04862  0.005265   0.06818        28      3072    0.7544    0.7767    0.8299    0.6642   0.01459   0.07463  0.006247
    88/199     6.01G   0.01473   0.04813  0.004811   0.06767        48      3072    0.7241    0.8127    0.8294    0.6558   0.01443   0.07664  0.006245
    89/199     6.01G   0.01447   0.04813  0.005145   0.06774        18      3072    0.7786    0.7714    0.8353    0.6765   0.01425   0.07628  0.005942
    90/199     6.01G   0.01457   0.04805  0.005198   0.06781        20      3072    0.7144    0.8082    0.8196    0.6581   0.01451   0.07924  0.006484
    91/199     6.01G   0.01474     0.049  0.005444   0.06919        28      3072     0.754    0.7876    0.8252    0.6653   0.01482   0.07943  0.006176
    92/199     6.01G   0.01427   0.05001  0.005147   0.06942        28      3072    0.7586    0.7845    0.8273    0.6714   0.01401    0.0766  0.006416
    93/199     6.01G   0.01444   0.04647  0.005247   0.06615        28      3072     0.748    0.7853    0.8234    0.6662    0.0142   0.07731  0.006507
    94/199     6.01G   0.01431   0.04795  0.005349   0.06761        12      3072    0.7315    0.7767    0.8209    0.6639   0.01413   0.07903  0.006831
    95/199     6.01G   0.01481   0.04822  0.005282   0.06831        21      3072    0.7294    0.7953    0.8198     0.662   0.01411   0.07918  0.006581
    96/199     6.01G   0.01476   0.04797  0.004752   0.06749        23      3072     0.777    0.7708    0.8353    0.6749   0.01394   0.07808  0.006143
    97/199     6.01G    0.0141   0.04681  0.004771   0.06568        28      3072    0.7698    0.7722    0.8351    0.6741   0.01383   0.07751  0.005978
    98/199     6.01G    0.0135   0.04714  0.004867    0.0655        25      3072    0.7446    0.7785    0.8226    0.6721   0.01391   0.07884  0.006088
    99/199     6.01G   0.01378    0.0477  0.004457   0.06594        28      3072    0.7272    0.8191    0.8335    0.6692   0.01408   0.07743  0.006302
   100/199     6.01G   0.01344   0.04461  0.004757   0.06281         3      3072     0.751    0.7992     0.835    0.6807   0.01399   0.07701  0.006275
   101/199     6.01G    0.0138   0.04962  0.004789   0.06821        53      3072     0.747    0.8182    0.8414     0.681   0.01397   0.07709  0.005951
   102/199     6.01G   0.01373   0.04989  0.004517   0.06813         4      3072    0.7596    0.7832    0.8338    0.6824   0.01388   0.07774  0.005883
   103/199     6.01G    0.0138   0.04717  0.004278   0.06526        28      3072    0.7465    0.8057    0.8376    0.6792   0.01408   0.07749  0.005824
   104/199     6.01G   0.01363   0.04577  0.004705    0.0641        24      3072    0.7205    0.8185    0.8335    0.6781   0.01382   0.07743  0.006379
   105/199     6.01G   0.01311   0.04705  0.004646   0.06481        21      3072    0.7394    0.8057    0.8372    0.6819   0.01375   0.07724  0.006264
   106/199     6.01G     0.014   0.04697   0.00464   0.06561        28      3072     0.732    0.8063    0.8203    0.6719   0.01387   0.07729  0.006657
   107/199     6.01G    0.0136    0.0479  0.004346   0.06585        28      3072    0.7322    0.7913    0.8187      0.67   0.01372   0.07856  0.006783
   108/199     6.01G   0.01356   0.04588   0.00416   0.06361        28      3072    0.7269     0.805    0.8227    0.6732   0.01387   0.07889  0.006692
   109/199     6.01G   0.01343   0.04849    0.0046   0.06652        28      3072    0.7335    0.7911    0.8213    0.6715   0.01386    0.0811  0.006642
   110/199     6.01G   0.01329   0.04607  0.004324   0.06368        27      3072    0.7218    0.7836    0.8115    0.6611   0.01368   0.07904  0.007427
   111/199     6.01G   0.01351   0.04704  0.004542   0.06509        25      3072    0.7202     0.818     0.825    0.6726   0.01371   0.07832  0.006731
   112/199     6.01G   0.01327   0.04662  0.004352   0.06425        28      3072    0.7538    0.8061    0.8357    0.6826   0.01381    0.0784    0.0059
   113/199     6.01G   0.01322   0.04552  0.004449   0.06319        28      3072    0.7394    0.8173    0.8365    0.6831    0.0137   0.07753  0.005867
   114/199     6.01G   0.01291   0.04692  0.004291   0.06411        20      3072    0.7469     0.801     0.837    0.6839   0.01371   0.07794  0.005965
   115/199     6.01G   0.01304   0.04687   0.00434   0.06425        28      3072    0.7442    0.8005    0.8323    0.6809   0.01367    0.0779  0.006327
   116/199     6.01G   0.01302   0.04715  0.004193   0.06437        28      3072    0.7416    0.7916    0.8237    0.6749   0.01364   0.07805  0.006618
   117/199     6.01G   0.01286    0.0441  0.004031   0.06099        28      3072    0.7308    0.8356    0.8328    0.6785   0.01388   0.07781  0.006158
   118/199     6.01G   0.01304   0.04295  0.004451   0.06044        20      3072    0.7327    0.8093    0.8277    0.6728   0.01377   0.07951  0.006237
   119/199     6.01G    0.0129   0.04481  0.004084   0.06179        27      3072    0.7685    0.7835    0.8334    0.6815   0.01354   0.07741   0.00601
   120/199     6.01G   0.01276   0.04458  0.003986   0.06133        22      3072    0.7384    0.7954    0.8229    0.6763   0.01377   0.07921  0.006381
   121/199     6.01G   0.01235   0.04316   0.00399    0.0595        28      3072    0.7209    0.8093     0.823    0.6751   0.01361   0.07743  0.006698
   122/199     6.01G   0.01259   0.04534  0.004053   0.06199        28      3072    0.7379    0.8232    0.8296    0.6778   0.01371   0.07995  0.006055
   123/199     6.01G   0.01251   0.04444  0.004166   0.06112        28      3072    0.7439     0.808    0.8289     0.677   0.01396   0.07881  0.006325
   124/199     6.01G   0.01312   0.04481  0.003883   0.06181        28      3072    0.7577    0.7895    0.8317    0.6811   0.01369   0.07929  0.006084
   125/199     6.01G   0.01319   0.04384  0.003896   0.06093        28      3072    0.7388     0.793    0.8177    0.6688   0.01366   0.08027  0.006463
   126/199     6.01G   0.01299   0.04526  0.003751   0.06199        28      3072     0.715    0.8192    0.8272    0.6754   0.01353   0.08034  0.006654
   127/199     6.01G   0.01256   0.04248  0.003872   0.05892        28      3072    0.7568    0.7944    0.8239     0.672    0.0137   0.08209  0.006147
   128/199     6.01G    0.0124   0.04565  0.003772   0.06182        37      3072    0.7468    0.7959    0.8345    0.6835    0.0137   0.08108   0.00619
   129/199     6.01G   0.01244   0.04553  0.004081   0.06206        21      3072    0.7338     0.817    0.8315    0.6784   0.01354   0.07934  0.006324
   130/199     6.01G   0.01237    0.0452  0.004113   0.06168        28      3072    0.7704    0.7756    0.8259    0.6776   0.01348   0.07997  0.006566
   131/199     6.01G   0.01202   0.04312  0.003678   0.05881        23      3072     0.727    0.8175    0.8265    0.6766   0.01358   0.07977  0.007039
   132/199     6.01G   0.01207   0.04385  0.003742   0.05966        28      3072    0.7552    0.7958    0.8324     0.683   0.01347   0.07841   0.00663
   133/199     6.01G   0.01296   0.04753  0.003762   0.06426        23      3072    0.7659     0.792    0.8312    0.6822   0.01377   0.07996  0.006727
   134/199     6.01G    0.0126   0.04452   0.00383   0.06096        43      3072    0.7627    0.7955    0.8284      0.68   0.01362   0.08033  0.006353
   135/199     6.01G   0.01236   0.04481  0.003876   0.06104        25      3072    0.7296    0.8172    0.8212    0.6732   0.01356   0.07999  0.006243
   136/199     6.01G   0.01262   0.04301  0.003443   0.05907        28      3072    0.7366    0.8206    0.8323    0.6869   0.01352   0.08157   0.00612
   137/199     6.01G   0.01201   0.04336  0.003691   0.05906        28      3072    0.7331    0.8118    0.8293    0.6832   0.01341   0.07992  0.006503
   138/199     6.01G   0.01213    0.0438  0.003732   0.05966        22      3072    0.7254    0.8181    0.8252    0.6787   0.01339   0.08119  0.006477
   139/199     6.01G   0.01216   0.04122  0.003352   0.05673        28      3072    0.7336    0.8119    0.8247    0.6774   0.01364   0.08104  0.006519
   140/199     6.01G    0.0124   0.04484  0.003512   0.06075        28      3072    0.7478    0.8061    0.8266    0.6806   0.01356   0.08196    0.0061
   141/199     6.01G   0.01299    0.0436   0.00361    0.0602         9      3072    0.7644    0.7681    0.8256    0.6798   0.01355   0.08094  0.006315
   142/199     6.01G   0.01256   0.04414  0.003735   0.06044        28      3072     0.761    0.7772    0.8316     0.683   0.01363   0.08267  0.005875
   143/199     6.01G   0.01235   0.04413  0.003565   0.06004        26      3072    0.7595    0.8021    0.8377    0.6918   0.01356   0.08076  0.006031
   144/199     6.01G   0.01194   0.04426  0.003563   0.05975        25      3072     0.761    0.8072    0.8398    0.6932   0.01335   0.07909  0.005604
   145/199     6.01G   0.01205    0.0413  0.003512   0.05686        28      3072    0.7473    0.8283    0.8375    0.6877   0.01339   0.08053   0.00599
   146/199     6.01G   0.01225   0.04438  0.003475   0.06011        28      3072    0.7733     0.779     0.832    0.6859   0.01334    0.0821  0.006038
   147/199     6.01G   0.01204   0.04247  0.003352   0.05786        28      3072    0.7501    0.8147    0.8396    0.6943   0.01322   0.08066  0.005959
   148/199     6.01G   0.01196   0.04087  0.003529   0.05635        56      3072    0.7749    0.7838    0.8349    0.6883   0.01341   0.08208  0.006116
   149/199     6.01G   0.01147   0.04139  0.003177   0.05603        28      3072    0.7518    0.8109    0.8347    0.6872   0.01339   0.08226  0.006065
   150/199     6.01G   0.01184   0.04335   0.00352   0.05871         3      3072     0.765    0.7906    0.8336     0.687   0.01343    0.0816  0.006266
   151/199     6.01G   0.01206   0.04143  0.003229   0.05673        25      3072    0.7308    0.8218    0.8298    0.6834   0.01338   0.08116  0.006172
   152/199     6.01G   0.01222    0.0445  0.003342   0.06006        28      3072    0.7842     0.771    0.8373    0.6925   0.01341   0.08389  0.006123
   153/199     6.01G   0.01147   0.04175  0.003214   0.05643        23      3072    0.7686    0.7842    0.8336      0.69   0.01331    0.0816  0.006412
   154/199     6.01G   0.01207   0.04254  0.003662   0.05828        22      3072    0.7415    0.8171    0.8331    0.6874   0.01337   0.08276  0.006264
   155/199     6.01G   0.01174    0.0406  0.003192   0.05552        28      3072    0.7696    0.7964    0.8352    0.6916   0.01348   0.08485  0.005956
   156/199     6.01G   0.01214   0.04222  0.003365   0.05772        46      3072    0.7736    0.7918     0.834    0.6883   0.01357   0.08542  0.006078
   157/199     6.01G   0.01168   0.04199  0.003203   0.05687        23      3072    0.7466    0.8076    0.8267    0.6828    0.0135   0.08383  0.006445
   158/199     6.01G   0.01179    0.0427  0.003231   0.05772        23      3072    0.7237    0.8439    0.8338    0.6881    0.0134   0.08494  0.005799
   159/199     6.01G   0.01146   0.04226  0.003288     0.057        29      3072    0.7709    0.7914    0.8371    0.6915   0.01344   0.08489    0.0059
   160/199     6.01G   0.01179   0.04373   0.00337   0.05889        28      3072    0.7533    0.8077    0.8325    0.6876   0.01336   0.08278  0.006198
   161/199     6.01G   0.01223   0.04252  0.004058   0.05881        28      3072    0.7613    0.7874    0.8318    0.6848   0.01335   0.08365  0.006021
   162/199     6.01G   0.01153   0.04183  0.003072   0.05643        28      3072    0.7537    0.7973    0.8286     0.684   0.01342   0.08395  0.006517
   163/199     6.01G    0.0119   0.04273   0.00336   0.05799        28      3072    0.7629    0.7931    0.8296    0.6837   0.01341   0.08427  0.006235
   164/199     6.01G   0.01157   0.04306  0.003296   0.05792        26      3072    0.7742     0.793    0.8321    0.6857   0.01337   0.08339  0.006296
   165/199     6.01G   0.01169   0.04315  0.003103   0.05795        22      3072    0.7692    0.8131    0.8376    0.6928    0.0133    0.0835  0.005954
   166/199     6.01G   0.01169   0.04305  0.003263     0.058        28      3072     0.779    0.7901    0.8331    0.6886   0.01335   0.08315  0.006212
   167/199     6.01G    0.0118   0.04404  0.003155     0.059        24      3072     0.788    0.7909    0.8362    0.6903    0.0134   0.08255  0.006008
   168/199     6.01G   0.01138   0.04223  0.002967   0.05658        28      3072    0.7818    0.7899    0.8332     0.691   0.01355    0.0857  0.006274
   169/199     6.01G   0.01145   0.04326  0.003307   0.05802        28      3072    0.7612    0.7941     0.829    0.6874    0.0136   0.08833  0.006117
   170/199     6.01G   0.01173    0.0416  0.002937   0.05626        28      3072    0.7843    0.7691    0.8256     0.683   0.01347   0.08535  0.006277
   171/199     6.01G    0.0113   0.04167  0.003255   0.05622        24      3072    0.7756    0.7907    0.8349    0.6891    0.0134   0.08289  0.006103
   172/199     6.01G   0.01195   0.04407  0.003246   0.05927        32      3072    0.7554     0.809     0.835    0.6904   0.01336   0.08306  0.006044
   173/199     6.01G   0.01194   0.04273  0.003374   0.05805        28      3072    0.7698    0.8068    0.8363    0.6928   0.01332   0.08427  0.005885
   174/199     6.01G   0.01125   0.04047   0.00295   0.05467        55      3072     0.749    0.8143    0.8327    0.6903   0.01344   0.08523   0.00613
   175/199     6.01G   0.01147    0.0402  0.003218   0.05489        28      3072    0.7946    0.7938    0.8383    0.6923   0.01335   0.08295  0.005831
   176/199     6.01G   0.01134   0.04088  0.002952   0.05517        28      3072    0.7792    0.7951    0.8357    0.6936   0.01345   0.08515  0.006206
   177/199     6.01G   0.01156    0.0412  0.002945   0.05571         3      3072    0.7604    0.8093    0.8357    0.6951   0.01337   0.08455  0.006235
   178/199     6.01G   0.01194   0.04199  0.003064   0.05699        28      3072    0.7575    0.8097    0.8333    0.6905   0.01338   0.08516  0.006201
   179/199     6.01G   0.01185   0.04212  0.003479   0.05745        23      3072    0.7585    0.8233    0.8439    0.6994   0.01333   0.08471  0.005668
   180/199     6.01G   0.01136   0.04066  0.002666   0.05469        22      3072    0.7694    0.7985    0.8329    0.6925   0.01346   0.08742  0.005922
   181/199     6.01G   0.01156   0.04292  0.002941   0.05741        23      3072    0.7741    0.8118     0.835    0.6931   0.01329   0.08497  0.006151
   182/199     6.01G   0.01171    0.0423  0.002821   0.05682        22      3072    0.7641    0.8217     0.836    0.6941   0.01333   0.08468  0.005895
   183/199     6.01G    0.0118   0.04081  0.002856   0.05546        28      3072    0.7685     0.822    0.8398    0.6975   0.01329   0.08429   0.00577
   184/199     6.01G   0.01138   0.04051  0.002748   0.05464        28      3072    0.7706    0.8105    0.8373    0.6955   0.01337   0.08504   0.00596
   185/199     6.01G   0.01148    0.0413  0.002723    0.0555        28      3072    0.7844    0.7929     0.833    0.6902   0.01339   0.08681  0.006323
   186/199     6.01G   0.01193   0.04207   0.00309    0.0571        31      3072    0.7877    0.7837    0.8357    0.6926   0.01332   0.08631  0.006164
   187/199     6.01G   0.01177   0.04313  0.003056   0.05795        21      3072    0.7767    0.7939    0.8378    0.6953   0.01336   0.08503  0.006106
   188/199     6.01G   0.01165   0.04117  0.003235   0.05605        28      3072    0.7705    0.7902    0.8304      0.69   0.01336   0.08604  0.006195
   189/199     6.01G   0.01125   0.03886  0.002801   0.05291        28      3072    0.7688    0.7993     0.833    0.6938   0.01346   0.08648  0.005995
   190/199     6.01G    0.0113   0.03978  0.003021   0.05411        25      3072     0.772    0.8013    0.8348    0.6918   0.01348   0.08554  0.006038
   191/199     6.01G   0.01157   0.04126  0.003024   0.05586        28      3072    0.7745    0.7879    0.8265    0.6858   0.01342   0.08464  0.006233
   192/199     6.01G   0.01201   0.04412  0.003161   0.05929        43      3072    0.7613    0.8128    0.8304    0.6897   0.01339   0.08306  0.006364
   193/199     6.01G   0.01165   0.04214  0.002768   0.05655        28      3072    0.7486    0.8154    0.8259    0.6841   0.01341   0.08521   0.00619
   194/199     6.01G   0.01131   0.04177   0.00292   0.05599        28      3072     0.779    0.7827     0.833    0.6886   0.01333   0.08402  0.006369
   195/199     6.01G   0.01154   0.04095  0.002961   0.05545        28      3072    0.7725     0.804    0.8382    0.6953   0.01325   0.08309  0.006008
   196/199     6.01G   0.01137   0.04123   0.00276   0.05536        22      3072    0.7821    0.8029    0.8419    0.6982   0.01327   0.08399  0.005628
   197/199     6.01G   0.01159   0.04271  0.002944   0.05724        28      3072    0.7578    0.8312     0.842    0.7003   0.01323   0.08263  0.005986
   198/199     6.01G   0.01114   0.03984  0.002732   0.05371        28      3072    0.7672    0.8026    0.8353    0.6933    0.0133   0.08382  0.005953
   199/199     6.01G   0.01129   0.03884  0.002636   0.05277        28      3072    0.7621    0.8188    0.8387    0.6959   0.01336   0.08441  0.006065
