      0/47        0G    0.1225   0.08406   0.04353    0.2501        58       640  0.000377   0.01403 8.914e-06 1.136e-06    0.1342   0.06372    0.0475
      1/47        0G     0.112   0.09302   0.03908    0.2441        60       640  0.002066  0.008616 0.0001432 2.423e-05    0.1066    0.1177   0.03638
      2/47        0G    0.1052    0.1017   0.03572    0.2426        50       640   0.00277   0.03365 0.0002208 3.842e-05    0.1024    0.1239   0.03407
      3/47        0G    0.1015    0.1043    0.0337    0.2394        61       640  0.006892    0.0222 0.0008505 0.0001281   0.09751    0.1307   0.03223
      4/47        0G   0.09682    0.1045   0.03242    0.2337        57       640  0.008981    0.1316  0.001724 0.0002588   0.09257    0.1357    0.0309
      5/47        0G   0.09384     0.109   0.03103    0.2339        56       640   0.01324    0.1636  0.003278 0.0005487    0.0904     0.134   0.02985
      6/47        0G   0.09049    0.1133   0.03038    0.2341        49       640   0.02665    0.1983  0.008295  0.001466   0.08669    0.1364   0.02918
      7/47        0G   0.08688    0.1122   0.02981    0.2289        55       640   0.06387    0.1656   0.01781  0.003402   0.08461    0.1339   0.02895
      8/47        0G   0.08442    0.1128   0.02893    0.2262        57       640   0.06641    0.2401   0.03344  0.007206   0.08268    0.1254   0.02808
      9/47        0G   0.08166    0.1049    0.0294     0.216        71       640    0.1124    0.2619   0.07262   0.01856   0.07972    0.1202   0.02792
     10/47        0G   0.07987   0.09963   0.02846     0.208        57       640    0.1813    0.2887     0.121   0.03531   0.07606    0.1129   0.02686
     11/47        0G   0.07734    0.0954   0.02734    0.2001        58       640    0.2184    0.3501    0.1679    0.0536   0.07397    0.1086   0.02622
     12/47        0G   0.07527   0.09041    0.0259    0.1916        56       640     0.221    0.3915     0.209   0.06875   0.07024    0.1046   0.02483
     13/47        0G   0.07346   0.08489   0.02405    0.1824        67       640    0.3403    0.3887    0.2983    0.1064   0.06779    0.1008   0.02223
     14/47        0G   0.06907   0.08443   0.02257    0.1761        57       640    0.2986    0.3884    0.2699   0.08533   0.06633    0.0977   0.01965
     15/47        0G   0.06694    0.0826   0.02062    0.1702        57       640    0.3767    0.4214    0.3525    0.1419   0.06288   0.09392   0.01845
     16/47        0G    0.0662   0.08244   0.01887    0.1675        58       640    0.4057    0.4934    0.4118    0.1817   0.05833   0.09543    0.0174
     17/47        0G   0.06101   0.08017   0.01814    0.1593        81       640    0.3859    0.5321    0.4324    0.2111   0.05489   0.09441   0.01619
     18/47        0G    0.0594   0.08134   0.01767    0.1584        57       640    0.4213    0.5265    0.4509    0.2172   0.05337    0.0917   0.01587
     19/47        0G   0.05783   0.07731   0.01689     0.152        62       640      0.41    0.5211    0.4377     0.195   0.05608   0.08994   0.01547
     20/47        0G   0.05557   0.07882   0.01674    0.1511        60       640    0.4196    0.5706    0.4504    0.2186   0.05379   0.08657   0.01497
     21/47        0G   0.05572   0.07581   0.01623    0.1478        92       640     0.448    0.6406    0.4991    0.2316   0.05087   0.08537   0.01467
     22/47        0G   0.05138     0.074   0.01594    0.1413        54       640    0.4244    0.6283    0.4713    0.2436   0.04722    0.0834   0.01467
     23/47        0G   0.04983   0.07238    0.0155    0.1377        58       640     0.493    0.6221    0.5077    0.2889   0.04543   0.08138   0.01436
     24/47        0G   0.04855   0.07252   0.01615    0.1372        57       640    0.4485    0.6614    0.5068    0.2918   0.04428    0.0837   0.01423
     25/47        0G   0.04844   0.07099   0.01577    0.1352       102       640    0.4669    0.6437    0.5159      0.29   0.04522   0.08181   0.01418
     26/47        0G   0.04798   0.07293   0.01548    0.1364        30       640      0.49    0.6611    0.5298    0.3175    0.0415   0.08154   0.01391
     27/47        0G   0.04483   0.06999   0.01538    0.1302        58       640    0.4974    0.6769    0.5332    0.3269   0.04084   0.07833   0.01382
     28/47        0G    0.0441   0.06992   0.01535    0.1294        69       640    0.5088    0.6581    0.5319    0.3281   0.04087   0.07765    0.0137
     29/47        0G   0.04614   0.06995   0.01481    0.1309        50       640    0.5125    0.6858    0.5377    0.3189   0.04136   0.07747    0.0137
     30/47        0G   0.04296    0.0685   0.01511    0.1266        61       640    0.5298    0.6724    0.5465    0.3592   0.03847   0.07556   0.01369
     31/47        0G    0.0418   0.06595   0.01489    0.1226        52       640    0.5256    0.6527    0.5452    0.3569    0.0384   0.07557   0.01366
     32/47        0G   0.04072   0.06743   0.01485     0.123        52       640     0.518    0.6794    0.5451    0.3624   0.03712   0.07526   0.01351
     33/47        0G   0.03993   0.06327   0.01428    0.1175        58       640    0.5142    0.6948    0.5443    0.3675   0.03683   0.07518   0.01355
     34/47        0G   0.03983   0.06532   0.01454    0.1197        61       640    0.5239    0.6868    0.5536    0.3675   0.03649    0.0742   0.01347
     35/47        0G   0.03849   0.06529   0.01454    0.1183        65       640    0.5286    0.6977    0.5488    0.3657   0.03644   0.07385   0.01339
     36/47        0G   0.03957   0.06677   0.01466     0.121        91       640    0.5405    0.6697    0.5513     0.373   0.03595   0.07282   0.01337
     37/47        0G   0.03778   0.06348   0.01457    0.1158        60       640     0.508    0.7331    0.5548    0.3816   0.03526   0.07316    0.0132
     38/47        0G   0.03735   0.06468    0.0144    0.1164        56       640    0.5297    0.7187    0.5567    0.3857   0.03503    0.0723   0.01321
     39/47        0G     0.037   0.06303   0.01446    0.1145        60       640    0.5355    0.6914    0.5548    0.3836   0.03522   0.07268   0.01321
     40/47        0G   0.03732   0.06337   0.01447    0.1152        50       640    0.5375    0.6932    0.5627    0.3935   0.03444   0.07153   0.01313
     41/47        0G   0.03719   0.06295   0.01419    0.1143        59       640    0.5286    0.7134     0.564    0.3966   0.03429   0.07132   0.01306
     42/47        0G   0.03722   0.06246   0.01425    0.1139        58       640    0.5541    0.6872    0.5627    0.3934   0.03436   0.07157   0.01306
     43/47        0G     0.036   0.06169   0.01441    0.1121        58       640    0.5555    0.6755    0.5638    0.3935   0.03422   0.07161   0.01311
     44/47        0G   0.03623   0.06284   0.01446    0.1135        61       640    0.5369     0.717    0.5636    0.3974   0.03394   0.07094   0.01307
     45/47        0G   0.03538    0.0605    0.0145    0.1104        58       640    0.5408    0.7247     0.566    0.4016   0.03357   0.07064   0.01299
     46/47        0G   0.03453   0.05916   0.01449    0.1082        61       640    0.5309    0.7157    0.5629    0.4016   0.03353   0.07059   0.01305
     47/47        0G   0.03504   0.05966   0.01418    0.1089        46       640    0.5438    0.7252    0.5666     0.402   0.03354   0.07053   0.01286
