     0/191        0G   0.08897   0.08441   0.04503    0.2184        55       320   0.00232   0.01987 0.0004971 8.058e-05   0.08145   0.09674   0.04236
     1/191        0G   0.08332   0.08445   0.04103    0.2088        51       320  0.003599    0.0237 0.0007079 0.0001109   0.08196   0.08983   0.04153
     2/191        0G   0.08121   0.08381   0.04007    0.2051        55       320  0.003343   0.02091 0.0006522 0.0001028   0.08326    0.0877   0.04155
     3/191        0G   0.07817   0.08494   0.03936    0.2025        51       320  0.006209     0.025  0.001063  0.000162   0.08421   0.08794   0.04192
     4/191        0G   0.07647   0.08481   0.03672     0.198        38       320  0.001049   0.03941 0.0002877 4.516e-05   0.08478   0.09416   0.04324
     5/191        0G   0.07517   0.08225   0.03459     0.192        62       320 0.0002481  0.007337 1.384e-05 2.721e-06   0.08428    0.1032   0.04546
     6/191        0G   0.07352   0.08192   0.03232    0.1878        61       320 0.0004442   0.01669 4.401e-05 6.242e-06   0.08583    0.1106    0.0465
     7/191        0G   0.07219    0.0817   0.03108     0.185        61       320    0.3417   0.01805  0.001072 0.0001675   0.08363    0.1148   0.05002
     8/191        0G   0.07066   0.08139   0.03042    0.1825        77       320   0.01404    0.1594  0.004006 0.0007446   0.08287    0.1144   0.05261
     9/191        0G   0.06833   0.07946   0.02894    0.1767        58       320   0.09104    0.2144   0.02249  0.005883   0.07923   0.09897   0.05983
    10/191        0G   0.06905   0.08391   0.02722    0.1802        67       320   0.06855     0.138   0.04068   0.00885      0.08    0.1021   0.04348
    11/191        0G   0.06758   0.08209   0.02593    0.1756        72       320    0.1324     0.176   0.07862   0.02117   0.07481   0.08161   0.03372
    12/191        0G   0.06778      0.08   0.02597    0.1738        79       320    0.1834    0.2159    0.1056   0.03021   0.07138   0.07931   0.03393
    13/191        0G   0.06744    0.0781   0.02472    0.1703        59       320    0.2063    0.1845    0.1041   0.02567   0.07242   0.07831   0.02785
    14/191        0G   0.06604   0.07923   0.02383    0.1691        59       320    0.1734    0.2637    0.1072   0.02643   0.07226   0.07953   0.02509
    15/191        0G   0.06674   0.07857   0.02371     0.169        62       320    0.2232    0.2616    0.1442   0.04264   0.07477   0.07924    0.0239
    16/191        0G   0.06485    0.0803   0.02346    0.1686        56       320    0.1585    0.2852    0.1075   0.02555   0.07384   0.08212   0.02614
    17/191        0G   0.06501   0.08115   0.02268    0.1688        64       320    0.2182    0.3307    0.1647   0.04134   0.06657   0.07737   0.02164
    18/191        0G   0.06514   0.07325   0.02257     0.161        45       320    0.2327    0.3987    0.1863    0.0516   0.06522   0.07711   0.02253
    19/191        0G   0.06353   0.07741   0.02321    0.1641        71       320    0.2413    0.3895    0.2081   0.05534   0.06731   0.07984   0.02116
    20/191        0G   0.06189   0.07951   0.02177    0.1632        61       320    0.3261    0.3748    0.2616   0.08217   0.06318   0.07385    0.0221
    21/191        0G     0.064   0.07239     0.022    0.1584        52       320    0.2885    0.3347     0.174   0.03725   0.06872    0.0897   0.02159
    22/191        0G   0.06255   0.07851   0.02103    0.1621        58       320    0.3127    0.3454    0.2174   0.05559   0.06606   0.07397   0.02222
    23/191        0G   0.06325   0.07536   0.02105    0.1597        61       320    0.3814    0.3984    0.3031   0.09791   0.06079   0.07462   0.01937
    24/191        0G   0.06292   0.07065   0.02059    0.1542        39       320    0.3806    0.3751    0.2948   0.08224   0.06285   0.07687   0.01948
    25/191        0G   0.06276   0.07599   0.02018    0.1589        59       320    0.3711    0.3366     0.276   0.07847   0.06489   0.08791   0.02268
    26/191        0G   0.06156   0.07355   0.02071    0.1558        55       320    0.3794    0.3557    0.2733   0.07882    0.0645   0.08805    0.0226
    27/191        0G   0.06168   0.07179    0.0208    0.1543        61       320    0.3557    0.4023    0.2939   0.09067   0.05985   0.07674   0.01964
    28/191        0G   0.06092   0.07488   0.02026    0.1561        60       320     0.397    0.3987    0.2823   0.08097   0.06217   0.07468   0.02018
    29/191        0G   0.05983   0.07263   0.01925    0.1517        55       320    0.4546    0.3602    0.3156   0.09671   0.06006   0.07369   0.02223
    30/191        0G   0.05901   0.07523     0.019    0.1532        58       320    0.4117    0.3803    0.3212   0.08841   0.06238   0.09285    0.0172
    31/191        0G   0.06006   0.07231   0.02068    0.1531        61       320     0.475    0.3845    0.3609    0.1242   0.05954   0.07298   0.01645
    32/191        0G   0.05906    0.0671   0.02003    0.1462        39       320    0.5191     0.407    0.3667    0.1187   0.05822   0.07291   0.01829
    33/191        0G    0.0585   0.07095   0.01933    0.1488        57       320    0.4529    0.3758    0.3258   0.08215   0.06344    0.0791   0.01879
    34/191        0G   0.05782   0.07317   0.01896      0.15        60       320     0.453    0.4011    0.3558   0.09455   0.06323   0.07285   0.01935
    35/191        0G   0.05863   0.06751    0.0191    0.1452        53       320    0.2753    0.3692    0.2061   0.05498   0.06285   0.07098   0.03096
    36/191        0G   0.05696   0.06954   0.02006    0.1466        57       320    0.4412    0.4246    0.3183   0.08837   0.06082   0.07344   0.01767
    37/191        0G   0.05923   0.07086   0.02003    0.1501        81       320    0.2347    0.3475     0.181   0.05097   0.06948   0.08512   0.02398
    38/191        0G   0.05702   0.07077   0.01838    0.1462        59       320    0.3579    0.3978    0.3081   0.07838   0.06482   0.08267   0.01753
    39/191        0G   0.05768   0.06971   0.01944    0.1468        70       320    0.5011    0.3666    0.3549    0.1085    0.0621   0.07677   0.01699
    40/191        0G   0.05583   0.06907   0.01837    0.1433        56       320    0.4877    0.4297    0.4076    0.1101   0.05797   0.07247    0.0186
    41/191        0G   0.05617   0.06862   0.01839    0.1432        60       320    0.5238    0.3937     0.377     0.118   0.06097   0.07058   0.01605
    42/191        0G   0.05691   0.07208   0.01761    0.1466       105       320    0.4784    0.4056    0.3685   0.08072    0.0639   0.07766   0.01524
    43/191        0G   0.05652   0.07471   0.01783    0.1491        75       320    0.4992    0.3646    0.3426   0.08068   0.06402   0.07051   0.01621
    44/191        0G    0.0561   0.06521   0.01777    0.1391        54       320    0.5855    0.4523    0.4812    0.1702   0.05572   0.07223   0.01592
    45/191        0G   0.05591   0.06636   0.01749    0.1398        61       320    0.5074    0.3924    0.3829    0.1061   0.06066   0.06542   0.01643
    46/191        0G   0.05685   0.06624    0.0177    0.1408        63       320    0.5183    0.4536    0.4307     0.165   0.05674   0.06566   0.01664
    47/191        0G   0.05616   0.07303   0.01755    0.1467        87       320    0.5243    0.4854    0.4536    0.1461   0.05632   0.06459    0.0205
    48/191        0G   0.05526    0.0642   0.02024    0.1397        67       320    0.3733    0.3846    0.2934   0.08088   0.05897   0.07738   0.03467
    49/191        0G   0.05448   0.06574   0.01948    0.1397        59       320    0.5102     0.398    0.3619    0.1024   0.05942    0.1135   0.02031
    50/191        0G    0.0546   0.06543   0.01814    0.1382        53       320    0.4675    0.3676    0.3159   0.06749    0.0629   0.07086   0.01715
    51/191        0G    0.0553     0.068   0.01772     0.141        61       320    0.4668    0.3662    0.3284   0.06566   0.06689   0.07147   0.01473
    52/191        0G   0.05456   0.06837   0.01626    0.1392        56       320    0.5504    0.4416    0.4419    0.1167   0.06134    0.0667    0.0155
    53/191        0G   0.05428   0.06484   0.01705    0.1362        61       320    0.5883    0.4844    0.4882     0.177   0.05433   0.06168    0.0152
    54/191        0G   0.05447   0.06526   0.01715    0.1369        66       320    0.5991    0.4675    0.4789    0.1261      0.06   0.06305   0.01609
    55/191        0G   0.05384   0.06426    0.0166    0.1347        57       320    0.6671    0.4526    0.5137    0.1644   0.05506   0.06897   0.01612
    56/191        0G    0.0533   0.06414   0.01831    0.1357        51       320    0.5703    0.4988     0.499    0.1772   0.05678    0.0667   0.01544
    57/191        0G   0.05293   0.06522   0.01721    0.1354        74       320    0.4831    0.3766    0.3392   0.07027   0.06039   0.06534   0.01719
    58/191        0G   0.05232   0.06404   0.01734    0.1337        50       320    0.5744    0.4555    0.4584    0.1173   0.05768   0.06373   0.01569
    59/191        0G   0.05492   0.06444   0.01916    0.1385        62       320    0.4936    0.4317    0.3725   0.07705   0.06403   0.07195   0.01462
    60/191        0G    0.0529   0.06532   0.01685    0.1351        73       320    0.6218    0.4434    0.4707    0.1511   0.05528   0.07216   0.01796
    61/191        0G   0.05216   0.06193   0.01968    0.1338        42       320    0.5996    0.4822    0.5121    0.1795   0.05438   0.07708   0.01534
    62/191        0G   0.05332   0.06264   0.01842    0.1344        61       320    0.5599    0.4485    0.4529     0.144   0.05708    0.0717    0.0168
    63/191        0G   0.05305   0.06291   0.01736    0.1333        59       320    0.5007    0.4429    0.4026   0.08801      0.06   0.06499    0.0152
    64/191        0G   0.05101   0.06102   0.01589    0.1279        57       320    0.6716    0.4905    0.5473     0.176   0.05368   0.06156   0.01448
    65/191        0G    0.0528   0.06122   0.01675    0.1308        56       320    0.5418    0.4553    0.4194   0.09786   0.05828    0.0654   0.01701
    66/191        0G   0.05199   0.06303   0.01588    0.1309        60       320    0.6739    0.4917    0.5524    0.1716   0.05562   0.06415    0.0151
    67/191        0G   0.05157   0.06315   0.01586    0.1306        57       320    0.5779    0.4887    0.4689    0.1199   0.05811    0.0628    0.0137
    68/191        0G   0.05125   0.06073   0.01629    0.1283        54       320    0.5075    0.4918    0.4502   0.09772   0.06086   0.06314   0.01744
    69/191        0G   0.05271   0.06222   0.01724    0.1322        71       320    0.6521    0.5115    0.5321    0.1526    0.0548   0.06491   0.01425
    70/191        0G   0.05248   0.06266   0.01541    0.1306        90       320    0.6526    0.5072     0.547     0.168   0.05562    0.0624   0.01425
    71/191        0G   0.05116   0.06555   0.01537    0.1321        59       320    0.5841    0.5176    0.4928    0.1215   0.05912   0.06154   0.01378
    72/191        0G    0.0515   0.06162   0.01559    0.1287        61       320    0.4543    0.4086    0.3527   0.06609   0.06334   0.06327    0.0147
    73/191        0G   0.05074   0.06349   0.01501    0.1292        57       320    0.6907      0.51    0.5631    0.1645    0.0547   0.06156   0.01453
    74/191        0G   0.04956   0.06271   0.01491    0.1272        61       320    0.6522    0.5224    0.5576     0.191   0.05331   0.06206   0.01421
    75/191        0G   0.05073   0.06246   0.01576    0.1289        61       320    0.6488    0.4609    0.4831    0.1121   0.05748   0.06185   0.01417
    76/191        0G   0.05178   0.06751   0.01592    0.1352       158       320    0.5083    0.4546    0.4066   0.07892   0.06299   0.06346   0.01432
    77/191        0G   0.05044   0.06113   0.01574    0.1273        61       320    0.4855    0.4112    0.3725   0.07912   0.06049   0.06816   0.02513
    78/191        0G   0.05177   0.05925   0.01752    0.1285        53       320    0.6633    0.5424    0.5747    0.2186   0.05126   0.06039    0.0142
    79/191        0G   0.05099   0.06264   0.01619    0.1298        60       320    0.5931     0.465    0.4719    0.1148   0.06094   0.06132   0.01381
    80/191        0G   0.05032   0.06103   0.01656    0.1279        61       320    0.5598    0.4433    0.4301    0.1025   0.05968   0.06124   0.01441
    81/191        0G   0.05111   0.06238   0.01616    0.1296        67       320     0.643    0.5185     0.539    0.1386   0.05709   0.06696   0.01394
    82/191        0G   0.04926   0.05931   0.01514    0.1237        52       320    0.6546    0.5078    0.5478     0.166   0.05532   0.06445   0.01452
    83/191        0G   0.05124   0.05885   0.01635    0.1264        58       320    0.6765    0.5533    0.5927    0.2658   0.04782   0.06321   0.01507
    84/191        0G    0.0505   0.06278   0.01505    0.1283        60       320    0.6841     0.517    0.5429    0.1566   0.05618   0.06164   0.01332
    85/191        0G    0.0496   0.05784   0.01617    0.1236        61       320    0.7155    0.5544    0.6087    0.2178   0.05113   0.05731   0.01302
    86/191        0G   0.04829   0.06288   0.01505    0.1262        57       320      0.67    0.5495    0.5734    0.2244   0.05059   0.06104   0.01516
    87/191        0G   0.04914   0.06114   0.01598    0.1263        92       320     0.623    0.5377      0.55    0.2011   0.05152   0.06467   0.01967
    88/191        0G   0.04947   0.06951   0.01524    0.1342       115       320    0.6826    0.5477    0.5869     0.232   0.05023   0.05773   0.01386
    89/191        0G   0.04927   0.05744   0.01621    0.1229        48       320    0.7458    0.5363    0.6219    0.2656   0.04977   0.06232   0.01413
    90/191        0G    0.0494   0.06011   0.01516    0.1247        84       320    0.7294    0.5519    0.6221    0.2864   0.04793   0.05808   0.01437
    91/191        0G   0.05132   0.05829    0.0153    0.1249        75       320    0.6566    0.5746    0.5981    0.2398   0.04973   0.06547   0.01488
    92/191        0G   0.04725   0.05764   0.01601    0.1209        49       320    0.6837    0.5171    0.5781    0.2612   0.04911   0.05995   0.01991
    93/191        0G   0.04933   0.05903   0.01527    0.1236        53       320    0.7121    0.5483    0.6034    0.2639   0.04995   0.05988    0.0144
    94/191        0G   0.04846   0.05872   0.01524    0.1224        59       320    0.6739    0.5378    0.5977    0.2697   0.04951   0.05813   0.01486
    95/191        0G   0.04781   0.05868   0.01581    0.1223        61       320    0.6786    0.5664    0.6145    0.2839   0.04708   0.05789   0.01451
    96/191        0G   0.04865   0.06085   0.01695    0.1264        60       320    0.7176    0.5431    0.6015     0.267   0.04806   0.05893   0.01509
    97/191        0G   0.04788   0.05795   0.01538    0.1212        59       320    0.6827    0.5586    0.6077    0.2397   0.04909    0.0578   0.01454
    98/191        0G   0.04964   0.05726   0.01602    0.1229        72       320    0.6283    0.5356    0.5605      0.24   0.04717   0.05597   0.02071
    99/191        0G   0.05022   0.05697   0.01663    0.1238        61       320    0.7518    0.5656    0.6524    0.2922    0.0463   0.05602   0.01298
   100/191        0G   0.04839   0.05618   0.01493    0.1195        60       320    0.7517    0.5329    0.6164    0.2503    0.0513   0.05844   0.01347
   101/191        0G   0.04809   0.05515   0.01461    0.1178        57       320    0.7021    0.5386    0.5849    0.1907   0.05229    0.0574   0.01229
   102/191        0G   0.04743   0.05856   0.01444    0.1204        58       320    0.5697    0.5524    0.5465    0.2767   0.04543   0.05421   0.02321
   103/191        0G   0.04794    0.0581   0.01635    0.1224        61       320    0.7068    0.5494    0.6175    0.2818    0.0489   0.06073   0.01498
   104/191        0G    0.0478   0.05655   0.01468     0.119        73       320     0.644    0.4864    0.5496     0.254   0.04803   0.05739   0.02571
   105/191        0G   0.04785   0.05699    0.0136    0.1184        58       320    0.7349    0.5207    0.5866    0.2342   0.05212   0.05696   0.01531
   106/191        0G   0.04867   0.05984   0.01425    0.1228       124       320      0.74    0.5769    0.6565    0.3113   0.04518   0.05597   0.01626
   107/191        0G    0.0473   0.05651   0.01464    0.1185        61       320    0.6676    0.5638    0.6162    0.2911   0.04574   0.05361   0.01934
   108/191        0G   0.04696   0.05977   0.01363    0.1204        60       320    0.7402    0.5792    0.6622    0.3246   0.04601   0.05356   0.01413
   109/191        0G   0.04711   0.06092   0.01399     0.122        96       320    0.7364    0.5677    0.6237    0.2082   0.05207   0.05576   0.01265
   110/191        0G   0.04755   0.05509   0.01437     0.117        55       320    0.7312    0.5949     0.666     0.295   0.04545   0.05416   0.01297
   111/191        0G   0.04588   0.05426   0.01429    0.1144        41       320    0.7516    0.5948    0.6694    0.3273    0.0457   0.05447   0.01211
   112/191        0G   0.04658   0.05253   0.01457    0.1137        59       320    0.7211    0.6099    0.6545    0.2542   0.04879   0.05477   0.01133
   113/191        0G   0.04654   0.05481   0.01367     0.115        49       320    0.7089    0.5783    0.6105    0.1816   0.05368   0.05887   0.01177
   114/191        0G   0.04889   0.05576    0.0132    0.1178        61       320    0.7784    0.5857     0.684    0.3361   0.04525   0.05262    0.0127
   115/191        0G    0.0496    0.0595   0.01412    0.1232        93       320    0.6778    0.6023    0.6397    0.2869   0.04587   0.05459    0.0156
   116/191        0G   0.04616   0.05364   0.01394    0.1137        56       320    0.7543    0.5981    0.6714    0.3325   0.04497   0.05237   0.01411
   117/191        0G   0.04556   0.05474   0.01332    0.1136        51       320     0.725    0.5945    0.6664    0.3145    0.0441   0.05288   0.01415
   118/191        0G   0.04622   0.05288   0.01367    0.1128        49       320    0.7148    0.5752    0.6437    0.3144   0.04382    0.0518   0.01784
   119/191        0G    0.0464    0.0553   0.01369    0.1154        60       320    0.7463    0.5682    0.6285    0.2229   0.05085   0.05313   0.01413
   120/191        0G   0.04734   0.05442   0.01571    0.1175        62       320      0.75    0.6132    0.6911    0.3511   0.04483   0.05229   0.01175
   121/191        0G     0.046   0.05579   0.01327    0.1151        51       320    0.7511    0.5861     0.652    0.2824   0.04666   0.05346   0.01189
   122/191        0G    0.0461   0.05695   0.01258    0.1156        60       320    0.7165    0.5881    0.6535    0.3166   0.04441   0.05352   0.02039
   123/191        0G   0.04535   0.05396   0.01416    0.1135        59       320    0.7688    0.5952    0.6701    0.2974    0.0465   0.05196   0.01196
   124/191        0G   0.04555   0.05338    0.0133    0.1122        61       320    0.7695    0.5937     0.682    0.3458   0.04399   0.05202   0.01247
   125/191        0G   0.04483   0.05402   0.01321    0.1121        55       320    0.7279     0.597      0.67    0.3375     0.043   0.05144   0.01567
   126/191        0G   0.04411   0.05622   0.01426    0.1146        60       320    0.7576    0.6144    0.6909    0.3028   0.04838   0.05386   0.01238
   127/191        0G   0.04431   0.05254   0.01336    0.1102        58       320    0.7751    0.6181    0.7025    0.3533   0.04401   0.05224   0.01146
   128/191        0G   0.04446    0.0523   0.01459    0.1114        51       320    0.7538    0.5932    0.6635    0.3006   0.04451   0.05109   0.01461
   129/191        0G   0.04431   0.05703   0.01277    0.1141        55       320    0.7637    0.5933    0.6836    0.3438   0.04343   0.05265   0.01465
   130/191        0G   0.04571   0.05369   0.01352    0.1129        70       320    0.7626    0.6393    0.7159    0.3821   0.04264   0.05375   0.01151
   131/191        0G    0.0448   0.05532   0.01326    0.1134        93       320    0.7658    0.6266    0.7048    0.3696   0.04224    0.0515   0.01276
   132/191        0G   0.04468   0.05165   0.01312    0.1095        57       320     0.766    0.5957    0.6851    0.3223   0.04451   0.05085   0.01489
   133/191        0G   0.04383   0.05575    0.0131    0.1127        87       320    0.7681    0.6108     0.693     0.355   0.04301   0.05039   0.01222
   134/191        0G    0.0433   0.05428   0.01296    0.1105        47       320    0.7832    0.6407    0.7252    0.3447   0.04301   0.05106   0.01047
   135/191        0G   0.04448   0.05203   0.01347      0.11        67       320    0.7831    0.6429    0.7299     0.378   0.04208   0.05057   0.01091
   136/191        0G   0.04388   0.05072   0.01279    0.1074        48       320    0.7848     0.629    0.7131    0.3832    0.0422   0.05095   0.01099
   137/191        0G   0.04422   0.05453   0.01335    0.1121        60       320     0.747    0.6345    0.6961    0.3719   0.04217   0.05374   0.01295
   138/191        0G   0.04414   0.05771   0.01378    0.1156        91       320    0.7651    0.6189    0.6899    0.3565   0.04372    0.0516   0.01259
   139/191        0G   0.04253   0.05162   0.01338    0.1075        52       320    0.7793    0.6418    0.7143    0.3939   0.04119   0.04954   0.01199
   140/191        0G   0.04408   0.05203   0.01254    0.1087        61       320    0.7759    0.6144    0.7123    0.3919   0.04205   0.05031   0.01306
   141/191        0G   0.04422   0.05409   0.01317    0.1115        58       320    0.8003    0.6437    0.7333    0.4156   0.04016   0.04892   0.01237
   142/191        0G   0.04305    0.0554   0.01251     0.111        70       320    0.8051    0.6079    0.7093    0.3822   0.04145   0.04919   0.01165
   143/191        0G   0.04362   0.05195   0.01227    0.1079        59       320     0.774    0.6327    0.7179    0.3769   0.04105   0.04926   0.01362
   144/191        0G   0.04381   0.05177   0.01292    0.1085        54       320    0.8081    0.6387    0.7377    0.4234   0.03994   0.04909   0.01076
   145/191        0G   0.04335    0.0522   0.01354    0.1091        61       320    0.8093    0.6321    0.7196     0.387   0.04112   0.04957   0.01126
   146/191        0G   0.04319   0.05255   0.01262    0.1084        60       320     0.807    0.6319    0.7245     0.393   0.04064   0.04891   0.01067
   147/191        0G   0.04395   0.05216   0.01256    0.1087        55       320    0.7538    0.6326    0.7098    0.3881    0.0411   0.04996   0.01532
   148/191        0G    0.0425   0.05341   0.01217    0.1081        57       320    0.7666    0.6415    0.7239     0.392   0.04028   0.04888    0.0133
   149/191        0G   0.04323   0.05217   0.01266    0.1081        57       320    0.8102    0.6371    0.7385    0.3994   0.04012   0.04852   0.01075
   150/191        0G   0.04419   0.04973   0.01278    0.1067        61       320    0.8108    0.6497    0.7431    0.4127   0.04025   0.04864  0.009964
   151/191        0G   0.04387    0.0519   0.01231    0.1081        76       320    0.8107    0.6451    0.7385     0.404   0.04015   0.04915   0.01088
   152/191        0G    0.0428   0.04975   0.01259    0.1051        61       320    0.8303    0.6274    0.7303     0.404   0.04036    0.0494    0.0107
   153/191        0G   0.04491   0.05361   0.01247     0.111       116       320    0.8086    0.6498    0.7374    0.4046   0.04058   0.04883   0.01029
   154/191        0G   0.04284   0.05455   0.01253    0.1099        68       320    0.7991    0.6465    0.7394     0.413   0.04019   0.04862   0.01102
   155/191        0G   0.04397   0.04942    0.0125    0.1059        47       320    0.8223    0.6464     0.744    0.4072   0.04041   0.04816  0.009966
   156/191        0G   0.04361    0.0505   0.01191     0.106        55       320    0.8008    0.6636    0.7443    0.3447   0.04403   0.04986   0.00976
   157/191        0G   0.04293    0.0501    0.0115    0.1045        61       320    0.8046     0.664    0.7493    0.3694    0.0431   0.04924  0.009499
   158/191        0G   0.04198   0.05165   0.01239     0.106       101       320    0.8239    0.6587    0.7546    0.3861   0.04115   0.04921   0.00943
   159/191        0G   0.04295   0.05134   0.01237    0.1067        62       320    0.8046    0.6386    0.7312     0.383   0.04112   0.04816   0.01071
   160/191        0G   0.04257   0.05083   0.01199    0.1054        61       320     0.822    0.6605    0.7539    0.4134   0.04026   0.04821  0.009653
   161/191        0G    0.0416    0.0499   0.01113    0.1026        61       320      0.79    0.6593    0.7409    0.3542   0.04272   0.04913   0.01029
   162/191        0G   0.04181   0.04968   0.01205    0.1035        54       320    0.7969    0.6736    0.7558    0.4282   0.03965   0.04793  0.009794
   163/191        0G    0.0414   0.04819   0.01194    0.1015        61       320    0.8001    0.6697    0.7455    0.4297   0.03957    0.0476  0.009943
   164/191        0G   0.04249   0.04884   0.01172     0.103        57       320    0.7845    0.6387    0.7296    0.4214    0.0388   0.04755   0.01384
   165/191        0G   0.04158   0.05147   0.01186    0.1049        61       320    0.8083     0.672    0.7591    0.4225   0.03951   0.04741  0.009246
   166/191        0G    0.0411   0.04645   0.01234   0.09989        45       320      0.82    0.6541    0.7552    0.4106   0.04052   0.04796  0.009947
   167/191        0G   0.04245   0.04994   0.01228    0.1047        61       320    0.8332    0.6585    0.7567    0.4243   0.03919   0.04763  0.009645
   168/383        0G   0.04154   0.04838   0.01191    0.1018        55       320    0.8013    0.6653    0.7535    0.4519   0.03848   0.04716   0.01125
   169/383        0G   0.04554   0.05231   0.01319     0.111        51       320     0.507    0.4967    0.4784     0.204   0.05527   0.05951   0.02365
   170/383        0G   0.04724   0.05641   0.01496    0.1186        38       320    0.3789    0.2496    0.1838   0.05784   0.06714   0.08481   0.03747
   171/383        0G   0.04859   0.05568   0.01661    0.1209        62       320    0.4487    0.2731    0.2345   0.09501   0.06776   0.07345   0.03153
   172/383        0G    0.0476   0.05593   0.01461    0.1181        61       320    0.6906    0.5097    0.5848    0.2837   0.04896   0.06484    0.0136
   173/383        0G   0.04826   0.05744   0.01596    0.1217        61       320    0.7262    0.5483    0.6316    0.3133   0.04664   0.06513   0.01625
   174/383        0G   0.04836   0.05824    0.0155    0.1221        77       320    0.7261    0.5644      0.62    0.2439   0.05008   0.06918   0.01354
   175/383        0G   0.04606   0.05449   0.01513    0.1157        58       320     0.671    0.5946    0.6126    0.2672     0.046   0.05645   0.01761
   176/383        0G   0.04897   0.05818   0.01447    0.1216        67       320    0.7387    0.6138    0.6878    0.3357   0.04518   0.05301     0.012
   177/383        0G   0.04802   0.05937   0.01492    0.1223        72       320     0.724    0.5815      0.65    0.3029   0.04826   0.05655   0.01655
   178/383        0G   0.04701   0.05676   0.01544    0.1192        79       320    0.7896    0.6094    0.7117    0.3672   0.04354   0.05333   0.01161
   179/383        0G   0.04694   0.05571   0.01497    0.1176        59       320    0.7902    0.5938     0.688    0.3628   0.04348   0.05431   0.01215
   180/383        0G   0.04529   0.05575   0.01447    0.1155        59       320    0.8002    0.5776     0.688    0.3438   0.04413   0.05313   0.01298
   181/383        0G    0.0458   0.05546   0.01448    0.1157        62       320    0.7656    0.5616     0.652    0.2881    0.0461   0.05573   0.01484
   182/383        0G   0.04537   0.05826   0.01385    0.1175        56       320    0.7411     0.569    0.6574    0.3215   0.04623    0.0559   0.01519
   183/383        0G   0.04635    0.0608    0.0143    0.1214        64       320    0.8014    0.5855    0.6887    0.3697   0.04282   0.05298   0.01259
   184/383        0G    0.0465   0.05406   0.01418    0.1147        45       320    0.7777    0.6303    0.7084    0.3733   0.04271   0.05255   0.01226
   185/383        0G   0.04625   0.05627    0.0136    0.1161        71       320    0.7497     0.568    0.6381    0.2207   0.05028   0.05704   0.01514
   186/383        0G     0.046   0.05707   0.01367    0.1167        61       320    0.7558    0.5949    0.6731    0.3427   0.04371   0.05563   0.01302
   187/383        0G   0.04632   0.05419   0.01427    0.1148        52       320     0.794    0.5931    0.6884    0.3854   0.04363   0.05737   0.01333
   188/383        0G   0.04599   0.05743   0.01364    0.1171        58       320    0.8027    0.6345    0.7225    0.3897   0.04187   0.05218    0.0117
   189/383        0G   0.04702   0.05512   0.01387     0.116        61       320    0.7773      0.64    0.7182     0.385   0.04228   0.05125   0.01155
   190/383        0G   0.04711   0.05309   0.01395    0.1142        39       320    0.7518    0.6329    0.7036    0.3471   0.04459    0.0525   0.01113
   191/383        0G   0.04722   0.05766   0.01385    0.1187        59       320    0.7186    0.5916    0.6574    0.3204   0.04548    0.0593   0.01667
   192/383        0G   0.04557   0.05402   0.01387    0.1135        55       320     0.714    0.6175    0.6844     0.381   0.04119   0.05287   0.01544
   193/383        0G   0.04572   0.05274   0.01469    0.1132        61       320    0.7909     0.599    0.7058    0.3987   0.04128   0.05245   0.01229
   194/383        0G   0.04491    0.0551   0.01513    0.1151        60       320    0.7304    0.5941    0.6727    0.3255   0.04328   0.05579   0.01768
   195/383        0G   0.04393   0.05414   0.01366    0.1117        55       320    0.7671    0.6493    0.7298      0.41   0.04145   0.05053   0.01195
   196/383        0G    0.0445   0.05685   0.01346    0.1148        58       320     0.794    0.6172    0.7047     0.354   0.04258    0.0542   0.01162
   197/383        0G   0.04518   0.05473   0.01362    0.1135        61       320    0.7843    0.6585     0.736     0.397   0.04104    0.0506   0.01188
   198/383        0G   0.04439   0.05061   0.01342    0.1084        39       320    0.7866    0.6201    0.7042    0.3666   0.04221   0.05173   0.01289
   199/383        0G   0.04393   0.05225   0.01345    0.1096        57       320    0.7914    0.6151     0.704    0.3594   0.04278   0.05348   0.01148
   200/383        0G   0.04351   0.05403   0.01318    0.1107        60       320    0.7937    0.6104    0.7042    0.4042   0.04088   0.05191   0.01298
   201/383        0G   0.04498    0.0515   0.01287    0.1094        53       320    0.6658    0.6147    0.6464    0.3667   0.04101   0.04985   0.01988
   202/383        0G    0.0431   0.05227   0.01361     0.109        57       320    0.7892    0.6195    0.7087    0.4102   0.04079   0.04914   0.01297
   203/383        0G   0.04497   0.05302   0.01386    0.1119        81       320    0.7601    0.6324    0.7095    0.3572   0.04288   0.05271   0.01197
   204/383        0G   0.04434    0.0536   0.01399    0.1119        59       320    0.7292    0.5864    0.6633    0.3493   0.04184   0.05102   0.01453
   205/383        0G   0.04588   0.05443   0.01395    0.1143        70       320    0.7181    0.5918    0.6506    0.3538   0.04199   0.05122   0.01903
   206/383        0G   0.04532   0.05503    0.0131    0.1135        56       320    0.7959    0.6441    0.7283    0.3852   0.04275   0.05045   0.01166
   207/383        0G   0.04389   0.05296   0.01268    0.1095        60       320    0.7997    0.6537    0.7406    0.4155   0.04076   0.04932   0.01174
   208/383        0G   0.04481   0.05493   0.01314    0.1129       105       320    0.7763    0.6429    0.7244    0.3567   0.04354   0.05154   0.01146
   209/383        0G   0.04411    0.0582   0.01337    0.1157        75       320    0.8189      0.63    0.7332    0.4114   0.04122   0.04956   0.01157
   210/383        0G    0.0437   0.05196   0.01307    0.1087        54       320    0.7534    0.6401    0.7154    0.4074   0.03978   0.04983   0.01433
   211/383        0G   0.04503     0.053   0.01321    0.1112        61       320     0.748    0.6354    0.7138     0.379   0.04158    0.0509   0.01465
   212/383        0G   0.04485   0.05278   0.01434     0.112        63       320    0.7919     0.604    0.7002    0.3711    0.0428   0.05036   0.01688
   213/383        0G   0.04479   0.05676   0.01304    0.1146        87       320    0.7982     0.644      0.73    0.4146   0.04032   0.04807   0.01292
   214/383        0G    0.0441   0.05103   0.01394    0.1091        67       320    0.7922    0.6367    0.7231    0.3557   0.04345    0.0496   0.01119
   215/383        0G   0.04369   0.05148   0.01267    0.1078        59       320    0.7797    0.6717    0.7395    0.3891   0.04076   0.04853   0.01028
   216/383        0G   0.04334   0.05133    0.0129    0.1076        53       320    0.6875    0.6153    0.6585    0.3153    0.0427   0.04959   0.01992
   217/383        0G    0.0438   0.05343   0.01355    0.1108        61       320    0.7577     0.638    0.7113    0.4037   0.04023   0.04856   0.01263
   218/383        0G   0.04357   0.05593   0.01243    0.1119        56       320     0.773    0.6425    0.7283    0.3866   0.04106   0.04967   0.01199
   219/383        0G     0.043   0.05136   0.01296    0.1073        61       320    0.7816     0.634    0.7231    0.4351   0.03924   0.04854   0.01301
   220/383        0G   0.04462    0.0534   0.01296     0.111        66       320    0.8224    0.6464    0.7465    0.4216   0.04002     0.049   0.01176
   221/383        0G   0.04415   0.05168    0.0123    0.1081        57       320    0.7782    0.6142    0.7055    0.4021   0.04055    0.0491   0.01394
   222/383        0G   0.04285   0.05128   0.01244    0.1066        51       320    0.7469    0.6372    0.7129    0.3098   0.04576   0.04991   0.01368
   223/383        0G   0.04289   0.05304   0.01273    0.1087        74       320    0.8058    0.6496    0.7451     0.435   0.03934   0.04939     0.011
   224/383        0G    0.0431   0.05118   0.01235    0.1066        50       320    0.7799    0.6343    0.7248     0.422   0.04059   0.04873   0.01317
   225/383        0G   0.04585   0.05337   0.01478     0.114        62       320    0.7802    0.6398    0.7295    0.3858   0.04042   0.04928   0.01367
   226/383        0G   0.04422    0.0529   0.01275    0.1099        73       320    0.7993    0.6356    0.7325    0.4306   0.03898   0.04771   0.01269
   227/383        0G   0.04329   0.05059    0.0143    0.1082        42       320    0.8363    0.6401    0.7451    0.4245   0.03912    0.0482   0.01132
   228/383        0G   0.04386   0.05076   0.01366    0.1083        61       320    0.8099    0.6506    0.7421    0.3935   0.04025   0.04876   0.01226
   229/383        0G   0.04386   0.05086   0.01292    0.1076        59       320    0.8402    0.6346    0.7461    0.4313   0.03993   0.04853   0.01123
   230/383        0G   0.04264   0.05061   0.01224    0.1055        57       320    0.8199    0.6297    0.7333    0.3849   0.04216   0.04848   0.01121
   231/383        0G   0.04367   0.05138   0.01317    0.1082        56       320    0.8013    0.6393    0.7317    0.3945   0.04074   0.04946   0.01186
   232/383        0G   0.04358   0.05455   0.01284     0.111        60       320    0.7874    0.6632     0.739    0.3923    0.0414   0.04928   0.01217
   233/383        0G   0.04302   0.05226   0.01302    0.1083        57       320     0.817    0.6467     0.742      0.39   0.04206   0.04947   0.01139
   234/383        0G   0.04253    0.0504   0.01308     0.106        54       320    0.7896    0.6509    0.7439    0.4338   0.03858   0.04865   0.01175
   235/383        0G   0.04342   0.05163   0.01283    0.1079        71       320    0.7894     0.649     0.744    0.4418   0.03889    0.0491   0.01093
   236/383        0G     0.043   0.05137   0.01172    0.1061        90       320    0.8125     0.644    0.7452    0.4339   0.03859    0.0475   0.01146
   237/383        0G   0.04238   0.05513   0.01213    0.1096        59       320    0.8132    0.6767    0.7631    0.4258   0.03997   0.04806  0.009984
   238/383        0G   0.04244   0.05161   0.01228    0.1063        61       320    0.7989    0.6831     0.762    0.4411   0.03879   0.04763  0.009909
   239/383        0G    0.0424   0.05181    0.0123    0.1065        57       320    0.8064    0.6835    0.7646    0.4429   0.03853   0.04715  0.009604
   240/383        0G   0.04168    0.0512    0.0128    0.1057        61       320    0.7973    0.6631    0.7497    0.4289    0.0392    0.0473   0.01242
   241/383        0G   0.04297    0.0526   0.01353    0.1091        61       320    0.8137    0.6638    0.7554    0.4328   0.03941    0.0477   0.01048
   242/383        0G   0.04402   0.05791   0.01301    0.1149       158       320    0.8295    0.6559    0.7564    0.4284   0.03904   0.04764   0.01004
   243/383        0G   0.04261   0.05152   0.01213    0.1063        61       320    0.8311    0.6549    0.7591    0.4492    0.0383   0.04686   0.01147
   244/383        0G    0.0431    0.0492   0.01297    0.1053        53       320    0.7981    0.6601    0.7497    0.4452   0.03827   0.04746   0.01421
   245/383        0G   0.04252   0.05225   0.01214    0.1069        60       320    0.8432    0.6491    0.7611    0.4579   0.03865   0.04666   0.01051
   246/383        0G   0.04279   0.05161   0.01234    0.1067        61       320    0.7863    0.6822    0.7595    0.4615   0.03895   0.04747   0.01052
   247/383        0G   0.04345   0.05325   0.01256    0.1093        67       320     0.814    0.6651    0.7614    0.4309   0.03916   0.04923  0.009768
   248/383        0G   0.04201   0.04976   0.01237    0.1041        52       320    0.7902    0.6746    0.7616    0.4606    0.0379   0.04671    0.0108
   249/383        0G   0.04226   0.04942   0.01351    0.1052        58       320    0.8199    0.6667    0.7593    0.4249   0.03936   0.04745  0.009828
   250/383        0G   0.04253   0.05343     0.012     0.108        60       320     0.801    0.6768    0.7573    0.4263   0.03907   0.04895   0.01087
   251/383        0G   0.04269   0.04928   0.01311    0.1051        61       320    0.8161    0.6718     0.765    0.4468   0.03861   0.04736   0.01023
   252/383        0G   0.04113   0.05188   0.01192    0.1049        57       320    0.8483    0.6678     0.776    0.4772   0.03772   0.04827  0.009536
   253/383        0G    0.0414   0.05144   0.01257    0.1054        92       320     0.829    0.6628    0.7643    0.4608   0.03818   0.04693  0.009744
   254/383        0G   0.04236   0.05958    0.0122    0.1141       115       320    0.8338    0.6607    0.7668    0.4212   0.03981   0.04711  0.009949
   255/383        0G    0.0425   0.04943   0.01243    0.1044        48       320     0.802    0.6728    0.7573    0.4448   0.03835   0.04645   0.01137
   256/383        0G   0.04194    0.0506   0.01189    0.1044        84       320    0.8289    0.6813    0.7731    0.4549   0.03791   0.04578  0.009259
   257/383        0G   0.04336    0.0491   0.01159    0.1041        75       320    0.8536    0.6648     0.777    0.4735   0.03764   0.04584  0.009242
   258/383        0G    0.0403   0.04755   0.01186   0.09971        49       320    0.8307     0.671    0.7693    0.4728   0.03759   0.04529  0.009289
   259/383        0G   0.04216   0.04956   0.01215    0.1039        53       320     0.792    0.7002    0.7721    0.4605   0.03774   0.04615  0.009371
   260/383        0G   0.04135   0.05036   0.01224    0.1039        59       320    0.8373    0.6746    0.7763    0.4762   0.03724   0.04482   0.00908
   261/383        0G   0.04036   0.04885   0.01177     0.101        61       320    0.8167    0.6609    0.7598    0.4712   0.03728   0.04534   0.01068
   262/383        0G   0.04059   0.05143    0.0129    0.1049        60       320    0.8278    0.6516    0.7596    0.4634   0.03754   0.04629   0.01129
   263/383        0G    0.0413   0.04943   0.01191    0.1026        59       320    0.8094    0.6703    0.7595    0.4614   0.03813   0.04605  0.009915
   264/383        0G   0.04237    0.0486   0.01163    0.1026        72       320    0.8236    0.6839    0.7742    0.4709   0.03818   0.04613  0.009455
   265/383        0G   0.04335   0.04985   0.01311    0.1063        61       320    0.8188    0.6927    0.7748    0.4424   0.03787   0.04606   0.00958
   266/383        0G   0.04068   0.04809   0.01204    0.1008        60       320    0.8257    0.6954    0.7793    0.4787    0.0373   0.04614   0.00909
   267/383        0G   0.04124   0.04699    0.0126    0.1008        57       320    0.8367    0.6764    0.7763    0.4736   0.03747   0.04551  0.009334
   268/383        0G   0.04043   0.04968     0.012    0.1021        58       320    0.8047    0.6761    0.7626    0.4624   0.03743   0.04524  0.009475
   269/383        0G   0.04181   0.04974   0.01186    0.1034        61       320    0.7892    0.6849     0.758    0.4562    0.0377   0.04527   0.01048
   270/383        0G   0.04103   0.04859   0.01165    0.1013        73       320    0.8189    0.6685    0.7613    0.4346   0.03814   0.04588   0.01022
   271/383        0G   0.04111   0.04941   0.01042    0.1009        58       320    0.8421    0.6902    0.7847    0.4657   0.03736   0.04751  0.008839
   272/383        0G   0.04167   0.05208    0.0115    0.1052       124       320    0.8224     0.701     0.779    0.4799   0.03726   0.04551  0.008792
   273/383        0G   0.04103   0.04857   0.01183    0.1014        61       320    0.8113    0.6718    0.7644    0.4675   0.03702   0.04525   0.01131
   274/383        0G    0.0409   0.05201   0.01119    0.1041        60       320    0.7816    0.6781    0.7529    0.4322   0.03842     0.046   0.01158
   275/383        0G   0.04225   0.05293   0.01169    0.1069        96       320    0.8145    0.6917    0.7714    0.4275   0.03891   0.04585  0.009276
   276/383        0G    0.0421   0.04858    0.0119    0.1026        55       320    0.7911    0.6749    0.7554    0.4569    0.0372   0.04531   0.01231
   277/383        0G   0.04001   0.04761   0.01208   0.09971        41       320    0.8421    0.6905    0.7883    0.4914   0.03677   0.04513   0.00969
   278/383        0G   0.04069   0.04601    0.0118    0.0985        59       320    0.8428    0.6794    0.7821    0.4841   0.03691   0.04497  0.009346
   279/383        0G   0.04117   0.04795   0.01125    0.1004        49       320    0.8259    0.6989    0.7867    0.4757   0.03713   0.04532  0.008663
   280/383        0G   0.04313   0.04893   0.01087    0.1029        61       320    0.8282    0.6945    0.7808    0.4838   0.03655   0.04471  0.009934
   281/383        0G   0.04255   0.05199   0.01152    0.1061        93       320    0.8531    0.6763    0.7844    0.4792   0.03723   0.04508  0.009387
   282/383        0G   0.04114   0.04746   0.01123   0.09983        56       320    0.8075    0.7116    0.7895    0.4774   0.03681   0.04557  0.008722
   283/383        0G   0.04044   0.04827   0.01105   0.09977        51       320    0.8359    0.6682    0.7711    0.4689   0.03702   0.04441    0.0112
   284/383        0G   0.04148   0.04735   0.01105   0.09987        49       320    0.8406    0.6802    0.7804    0.4677   0.03713    0.0449  0.009092
   285/383        0G    0.0413   0.04902   0.01106    0.1014        60       320    0.8317     0.685    0.7793    0.4887   0.03656   0.04417   0.01002
   286/383        0G    0.0416   0.04805   0.01269    0.1023        62       320    0.8434    0.6933     0.791    0.4945   0.03689   0.04437  0.009465
   287/383        0G   0.04023   0.04806   0.01066   0.09895        51       320    0.8425    0.6963    0.7906    0.4911   0.03635   0.04417  0.009259
   288/383        0G   0.03993   0.05006   0.01016    0.1002        60       320    0.8307    0.7081    0.7986    0.4908   0.03645   0.04472   0.01061
   289/383        0G   0.04046   0.04786   0.01135   0.09968        59       320    0.8288     0.701    0.7919    0.4951   0.03691   0.04475  0.008544
   290/383        0G   0.03965   0.04712   0.01062   0.09739        61       320    0.8485    0.6968    0.7999    0.4945   0.03626   0.04485  0.008209
   291/383        0G   0.04032   0.04809   0.01107   0.09947        55       320    0.8201    0.7158    0.7983    0.5002   0.03617   0.04446  0.008383
   292/383        0G   0.03977   0.05045   0.01049    0.1007        60       320    0.8553    0.6944    0.7925    0.5025   0.03577   0.04425  0.008663
   293/383        0G   0.03941   0.04609   0.01099    0.0965        58       320    0.8589    0.6853    0.7934    0.4987   0.03617   0.04381  0.008546
   294/383        0G    0.0396     0.046   0.01158   0.09718        51       320    0.8333    0.6994    0.7885    0.4892   0.03656   0.04426   0.01045
   295/383        0G   0.03892   0.04881   0.01047    0.0982        55       320     0.844    0.7073    0.7994     0.488   0.03636   0.04416  0.008415
   296/383        0G   0.04107   0.04798    0.0107   0.09974        70       320    0.8484    0.7057    0.7998    0.4895   0.03654   0.04452  0.008312
   297/383        0G   0.04018   0.04865   0.01105   0.09988        93       320    0.8612    0.6899    0.7955    0.5025   0.03596   0.04405  0.008227
   298/383        0G   0.04051   0.04593   0.01067    0.0971        57       320    0.8376    0.6763    0.7834    0.4762    0.0362   0.04383   0.01039
   299/383        0G   0.04002   0.04966   0.01044    0.1001        87       320    0.8408    0.6815    0.7812    0.4776   0.03648   0.04402  0.009036
   300/383        0G   0.03955   0.04755   0.01072   0.09782        47       320     0.863     0.693    0.7971    0.4993   0.03608   0.04383   0.00792
   301/383        0G   0.04038    0.0464   0.01107   0.09785        67       320    0.8147    0.7077    0.7883     0.498   0.03595   0.04378  0.009489
   302/383        0G   0.04106   0.04575   0.01045   0.09726        48       320    0.8666    0.7039    0.8052    0.5076   0.03589   0.04373  0.007708
   303/383        0G   0.04169   0.04926   0.01041    0.1014        60       320    0.8477    0.7128    0.8027    0.4932   0.03626   0.04396  0.008376
   304/383        0G   0.04279   0.05295   0.01086    0.1066        91       320    0.8452     0.705    0.7931    0.4574   0.03804   0.04483  0.007825
   305/383        0G   0.04128   0.04782   0.01112    0.1002        52       320    0.8575    0.7034     0.797     0.433    0.0398   0.04597  0.007969
   306/383        0G   0.04244   0.04834   0.01071    0.1015        61       320    0.8434    0.7145    0.8004    0.4514   0.03832    0.0449  0.007793
   307/383        0G   0.04138   0.04937   0.01108    0.1018        58       320    0.8493    0.7099    0.8042    0.4822   0.03665   0.04553  0.008101
   308/383        0G   0.03955   0.05055   0.01002    0.1001        70       320    0.8342    0.7025    0.7942     0.477   0.03651   0.04394  0.009168
   309/383        0G   0.03956   0.04703   0.01006   0.09664        59       320    0.8797    0.6789    0.7964    0.4775   0.03655    0.0439  0.009524
   310/383        0G   0.04005   0.04693   0.01074   0.09772        54       320    0.8715    0.7032    0.8054    0.4684   0.03725   0.04402  0.007609
   311/383        0G   0.03996   0.04729   0.01078   0.09803        61       320    0.8562    0.7082    0.8045    0.4641   0.03762   0.04434  0.008518
   312/383        0G   0.04032   0.04819   0.01007   0.09858        60       320    0.8457    0.7146    0.8026     0.481   0.03694   0.04368   0.00884
   313/383        0G   0.03971   0.04682   0.01028   0.09681        55       320    0.8521    0.7072    0.8023    0.5068   0.03579   0.04325  0.008459
   314/383        0G   0.03866   0.04803   0.01021   0.09689        57       320    0.8569    0.7167    0.8101    0.5121   0.03558   0.04318  0.007692
   315/383        0G   0.04005   0.04777    0.0108   0.09862        57       320    0.8644    0.7234    0.8131    0.5095   0.03569    0.0431  0.007793
   316/383        0G   0.04081   0.04539   0.01052   0.09672        61       320    0.8796    0.6876    0.8021     0.472   0.03653   0.04353  0.008237
   317/383        0G   0.04001   0.04709   0.01047   0.09757        76       320    0.8428    0.7188    0.8055    0.4874   0.03623   0.04315  0.008025
   318/383        0G   0.03858   0.04474   0.01028    0.0936        61       320    0.8745    0.6965     0.805    0.4808   0.03702   0.04365  0.007817
   319/383        0G   0.04129   0.04922    0.0106    0.1011       116       320    0.8582    0.7138    0.8046    0.4339   0.03951   0.04475  0.007532
   320/383        0G    0.0387   0.04909   0.01053   0.09832        68       320    0.8808    0.6998     0.808    0.5011   0.03572   0.04306  0.007389
   321/383        0G   0.03988   0.04487   0.01077   0.09552        47       320    0.8524    0.7221    0.8128    0.5014   0.03575   0.04315  0.007411
   322/383        0G   0.04007   0.04645  0.009855   0.09637        55       320    0.8587    0.7199    0.8114    0.4878   0.03665   0.04356  0.007292
   323/383        0G   0.03875   0.04511   0.00974    0.0936        61       320    0.8395    0.7334    0.8145     0.494   0.03621   0.04315  0.007433
   324/383        0G    0.0384   0.04728   0.01074   0.09642       101       320    0.8594    0.7039    0.8086     0.488   0.03667   0.04346  0.007521
   325/383        0G   0.03907   0.04661   0.01043   0.09612        62       320    0.8487    0.7149    0.8096    0.4803   0.03681   0.04336  0.007376
   326/383        0G   0.03909   0.04666  0.009666   0.09541        61       320    0.8336    0.7117       0.8     0.484   0.03631   0.04326  0.008015
   327/383        0G   0.03784   0.04519  0.009111   0.09214        61       320    0.8676    0.7158    0.8134    0.4942   0.03616   0.04314  0.007396
   328/383        0G   0.03844   0.04534   0.01016   0.09394        54       320     0.871    0.7069      0.81    0.4989     0.036    0.0431  0.007546
   329/383        0G    0.0385   0.04382  0.009925   0.09224        61       320     0.868    0.7235    0.8141     0.517   0.03528   0.04229    0.0072
   330/383        0G   0.03924   0.04479  0.009903   0.09394        57       320    0.8621    0.7191    0.8142    0.5167   0.03519   0.04223  0.007881
   331/383        0G   0.03862   0.04702  0.009855   0.09549        61       320    0.8602    0.7284    0.8207    0.5097   0.03577   0.04282  0.007119
   332/383        0G   0.03835   0.04261   0.01021   0.09116        45       320    0.8432    0.7258    0.8134    0.4964   0.03629   0.04315  0.008143
   333/383        0G   0.03931     0.046   0.01109    0.0964        61       320    0.8566    0.7294     0.821     0.502   0.03581   0.04289  0.007145
   334/383        0G   0.03967   0.04814   0.01004   0.09785        84       320    0.8879    0.7043    0.8191    0.5178   0.03524    0.0425  0.007738
   335/383        0G    0.0384   0.04584  0.009754     0.094        62       320    0.8954    0.7065    0.8201     0.519   0.03514   0.04227  0.007469
   336/383        0G   0.03911   0.04734   0.01008   0.09654        59       320    0.8723    0.7222    0.8227    0.5113    0.0356   0.04249  0.007273
   337/383        0G   0.03903   0.04477   0.01008   0.09389        53       320    0.8709    0.7268    0.8228    0.5127   0.03535   0.04229  0.007114
   338/383        0G   0.03889   0.04364    0.0103   0.09283        57       320    0.8712     0.727    0.8234    0.5263   0.03498   0.04222   0.00687
   339/383        0G   0.03866    0.0455   0.01001   0.09417        54       320    0.8847    0.7232    0.8263    0.5311   0.03494   0.04228  0.006731
   340/383        0G   0.03928   0.04592  0.009715   0.09491        53       320    0.8862    0.7177    0.8242    0.5127   0.03562    0.0423  0.006758
   341/383        0G   0.03897   0.04492   0.00998   0.09386        77       320    0.8865    0.7198    0.8217    0.5002   0.03635   0.04265  0.006754
   342/383        0G   0.03676   0.04397  0.009601   0.09034        33       320    0.8638    0.7347    0.8266    0.5258   0.03509    0.0423   0.00684
   343/383        0G   0.03778   0.04498      0.01   0.09277        58       320    0.8986    0.7105    0.8267    0.5178   0.03534   0.04257  0.006679
   344/383        0G   0.03971   0.04995   0.01062    0.1003       114       320    0.8607    0.7394    0.8287    0.5195    0.0353    0.0424  0.006654
   345/383        0G   0.03814   0.04293  0.009589   0.09067        57       320    0.8592    0.7358    0.8257    0.5222   0.03499   0.04207  0.006891
   346/383        0G   0.03904   0.04619   0.01001   0.09524        61       320    0.8606    0.7263    0.8193    0.5069   0.03562   0.04232   0.00735
   347/383        0G   0.03819   0.04697  0.009057   0.09422        55       320    0.8507    0.7284    0.8185    0.5192   0.03497   0.04208  0.007334
   348/383        0G   0.03793   0.04652  0.009539   0.09399        59       320    0.8687    0.7108    0.8168    0.5196   0.03503   0.04216  0.007529
   349/383        0G   0.03818   0.04325  0.009875    0.0913        45       320    0.8593    0.7343    0.8264    0.5286   0.03466   0.04192  0.006962
   350/383        0G   0.03858   0.04556  0.009662    0.0938        61       320    0.8716     0.729    0.8275    0.5247   0.03499    0.0424   0.00683
   351/383        0G   0.03871   0.04705   0.00942   0.09518        73       320    0.8678    0.7303    0.8275    0.5242   0.03505   0.04242  0.007021
   352/383        0G   0.03794   0.04613  0.009916   0.09399        60       320      0.88    0.7252    0.8295    0.5296   0.03484   0.04218  0.006633
   353/383        0G   0.03853   0.04433  0.009826   0.09269        57       320     0.883    0.7217     0.828    0.5303   0.03475     0.042  0.006658
   354/383        0G   0.03857   0.04628   0.00945    0.0943        58       320    0.8834    0.7198    0.8262    0.5254   0.03494    0.0421  0.006732
   355/383        0G   0.03881   0.04398  0.009489   0.09228        61       320    0.8477    0.7424    0.8261    0.5352   0.03452   0.04194  0.006892
   356/383        0G   0.03764   0.04268  0.009642   0.08997        24       320    0.8515    0.7434    0.8275    0.5261   0.03494   0.04222  0.006708
   357/383        0G    0.0382   0.04552  0.009551   0.09327        59       320    0.8574    0.7483    0.8313    0.5275   0.03483   0.04223   0.00667
   358/383        0G   0.03955   0.04883  0.009596   0.09797       135       320    0.9004    0.7199    0.8316     0.532   0.03465    0.0421  0.006608
   359/383        0G   0.03726   0.04548  0.009316   0.09206        61       320    0.8828    0.7286    0.8298    0.5289   0.03488    0.0421  0.006644
   360/383        0G   0.03707   0.04707  0.008764    0.0929        55       320    0.8891    0.7296      0.83     0.531   0.03477   0.04195   0.00641
   361/383        0G   0.03844   0.04453  0.009136    0.0921        38       320    0.8838    0.7286    0.8295    0.5269   0.03493   0.04217   0.00654
   362/383        0G   0.03765   0.04544  0.008913     0.092        57       320    0.8735    0.7371    0.8307    0.5235   0.03498   0.04222  0.006487
   363/383        0G   0.03785   0.04408  0.009919   0.09185        53       320    0.8917    0.7265    0.8306    0.5321   0.03461   0.04194  0.006467
   364/383        0G   0.03952   0.04526  0.009784   0.09456        81       320    0.8997    0.7195    0.8299    0.5226   0.03505   0.04214  0.006462
   365/383        0G   0.03802   0.04655  0.009287   0.09385        56       320     0.893    0.7253     0.831    0.5251   0.03495   0.04198  0.006498
   366/383        0G   0.03798   0.04609  0.009451   0.09352        61       320    0.8946     0.718    0.8295    0.5306   0.03463   0.04167  0.006737
   367/383        0G   0.03741   0.04411  0.009603   0.09112        59       320    0.8671    0.7394    0.8301    0.5367    0.0345   0.04154  0.006505
   368/383        0G    0.0383   0.04488  0.008927   0.09211        67       320    0.8873    0.7268    0.8316    0.5413   0.03447   0.04152  0.006589
   369/383        0G   0.03762   0.04884  0.009351   0.09581        65       320    0.8908    0.7244    0.8318    0.5405   0.03442   0.04158  0.006692
   370/383        0G   0.03892   0.04462  0.009447   0.09299        61       320    0.8846    0.7314    0.8317     0.538   0.03445   0.04175  0.006501
   371/383        0G   0.03876   0.04768   0.00939   0.09584        79       320    0.8975    0.7229    0.8337    0.5386   0.03451   0.04182  0.006472
   372/383        0G   0.03837    0.0432   0.00966   0.09123        60       320    0.8988     0.719    0.8328    0.5376   0.03455    0.0417  0.006612
   373/383        0G   0.03738   0.04549  0.009626   0.09249        51       320    0.9044    0.7176    0.8331    0.5403    0.0344   0.04152  0.006408
   374/383        0G   0.03756   0.04313  0.009235   0.08993        65       320    0.9019    0.7212    0.8324    0.5392    0.0344   0.04151  0.006373
   375/383        0G   0.03867   0.04524   0.00985   0.09376        55       320    0.8996    0.7241    0.8324    0.5374   0.03449   0.04162   0.00636
   376/383        0G   0.03767   0.04676  0.008871    0.0933        54       320    0.8628    0.7472    0.8335    0.5402   0.03439   0.04164  0.006375
   377/383        0G   0.03757   0.04467  0.009287   0.09153        60       320    0.9055    0.7193    0.8341    0.5407   0.03436   0.04166  0.006415
   378/383        0G   0.03728   0.04412  0.009059   0.09046        61       320    0.8958    0.7248    0.8337    0.5414   0.03438   0.04182  0.006397
   379/383        0G   0.03757   0.04575  0.009358   0.09268        59       320    0.9001    0.7226    0.8328     0.541   0.03433   0.04171  0.006373
   380/383        0G   0.03767   0.04426  0.008677   0.09061        60       320    0.9045    0.7198    0.8338    0.5433   0.03432   0.04152  0.006351
   381/383        0G   0.03785     0.044  0.009407   0.09126        64       320     0.877    0.7374    0.8325    0.5423   0.03425   0.04143  0.006352
   382/383        0G   0.03793   0.04419  0.009587   0.09171        61       320    0.8914    0.7271    0.8332     0.544    0.0343   0.04156  0.006428
   383/383        0G   0.03796   0.04416  0.009585    0.0917        58       320     0.885    0.7304    0.8335    0.5443   0.03428    0.0415  0.006499
