      0/95        0G    0.1262   0.06408   0.04629    0.2365        73       512   0.01485   0.01432   0.00124 0.0001698    0.1243   0.06218   0.04555
      1/95        0G    0.1153   0.07414   0.04034    0.2297        61       512   0.01238   0.04262  0.003476 0.0004746    0.1134   0.07823   0.03912
      2/95        0G    0.1076   0.09058   0.03628    0.2345        85       512   0.01706   0.05121  0.002754 0.0005135    0.1067   0.08745   0.03575
      3/95        0G    0.1026   0.08847   0.03409    0.2252        61       512   0.02732   0.07797  0.006026  0.001118    0.1019   0.09084   0.03397
      4/95        0G   0.09816   0.09205   0.03305    0.2233        58       512   0.04849   0.09805   0.01305  0.002497   0.09771    0.0909   0.03308
      5/95        0G   0.09381   0.08983   0.03253    0.2162        65       512   0.08746    0.1219   0.02792  0.006119    0.0932   0.08852   0.03266
      6/95        0G   0.09025   0.08506   0.03187    0.2072        70       512    0.1188    0.1943   0.05312   0.01415   0.08721     0.086   0.03218
      7/95        0G   0.08471   0.08168   0.03178    0.1982        54       512    0.1445    0.2047    0.0725   0.02101   0.08246   0.08342   0.03174
      8/95        0G   0.08111   0.08203   0.03113    0.1943        54       512    0.1274    0.2892    0.0874   0.02591   0.07833   0.08172   0.03114
      9/95        0G   0.07613   0.07681   0.03094    0.1839        39       512    0.1594    0.3222    0.1112   0.03302   0.07495   0.08098   0.03081
     10/95        0G    0.0731   0.07532   0.03082    0.1792        61       512    0.1991    0.3588    0.1489   0.05008   0.07015   0.07835   0.03039
     11/95        0G   0.06989   0.07293   0.03064    0.1735        50       512    0.2033    0.3923    0.1617   0.05985   0.06738   0.07764   0.03016
     12/95        0G    0.0677   0.07106   0.03021     0.169        57       512    0.2184    0.3946     0.176   0.07065   0.06512   0.07586   0.02992
     13/95        0G   0.06618   0.07159   0.03012    0.1679        36       512    0.2144    0.4241    0.1855     0.077   0.06488   0.07555   0.02979
     14/95        0G   0.06415   0.07238   0.02973    0.1663        58       512    0.2128    0.4375    0.1937   0.08402   0.06212   0.07468   0.02962
     15/95        0G   0.06344   0.07183   0.02948    0.1648        60       512    0.2012    0.4624    0.1929    0.0828   0.06661   0.07519   0.02947
     16/95        0G   0.06318   0.07147   0.02975    0.1644        61       512    0.1999    0.5009    0.2074   0.09233   0.06196    0.0746    0.0294
     17/95        0G   0.06128   0.06855   0.02959    0.1594        48       512    0.2312    0.4909    0.2231    0.1041   0.05743   0.07148   0.02926
     18/95        0G   0.06066   0.06947   0.02942    0.1596        87       512    0.2209    0.4782    0.2205   0.09831   0.06312    0.0719   0.02911
     19/95        0G   0.05889    0.0681   0.02945    0.1564        50       512    0.2366    0.4872    0.2361    0.1094   0.05927   0.07128   0.02898
     20/95        0G   0.05973   0.06735    0.0294    0.1565        53       512    0.2527    0.4522     0.237    0.1083    0.0578   0.07153   0.02892
     21/95        0G   0.05776   0.06791   0.02905    0.1547        58       512    0.2437     0.474    0.2449     0.119   0.05662   0.07029   0.02872
     22/95        0G    0.0566   0.06671   0.02879    0.1521        57       512    0.2255    0.5339     0.253    0.1234   0.05755   0.06958   0.02853
     23/95        0G   0.05678   0.07019   0.02838    0.1554        59       512     0.246    0.4751    0.2578    0.1239   0.05838   0.06886   0.02837
     24/95        0G   0.06023   0.06711   0.02885    0.1562        61       512    0.2615    0.5134    0.2771    0.1402   0.05408   0.06823   0.02826
     25/95        0G   0.06067   0.06553   0.02873    0.1549        61       512     0.269    0.5137    0.2838    0.1401   0.05378   0.06763   0.02794
     26/95        0G   0.05881   0.06685   0.02824    0.1539        52       512    0.2737    0.5154    0.3042    0.1501    0.0525   0.06749   0.02763
     27/95        0G   0.05817   0.06762   0.02794    0.1537        57       512    0.2943    0.5258    0.3221    0.1552   0.05328   0.06675   0.02714
     28/95        0G   0.05936    0.0662   0.02694    0.1525        58       512    0.2991    0.5263    0.3351    0.1659   0.05293   0.06705    0.0264
     29/95        0G   0.05922   0.06655   0.02688    0.1526        53       512    0.3006     0.538    0.3501    0.1653   0.05386   0.06652   0.02546
     30/95        0G    0.0565   0.06446   0.02543    0.1464        57       512    0.3657    0.5587    0.4052    0.2114   0.05077   0.06606   0.02429
     31/95        0G   0.05674   0.06386   0.02435     0.145        57       512     0.347    0.5586    0.4062    0.1948   0.05252   0.06595   0.02303
     32/95        0G   0.05585   0.06501   0.02315     0.144        54       512    0.3776    0.4948    0.4095    0.1901   0.05338   0.06747   0.02187
     33/95        0G   0.05499   0.06451   0.02177    0.1413        58       512    0.3797    0.5405     0.421    0.1923   0.05115   0.06533   0.02078
     34/95        0G   0.05564   0.06373   0.02097    0.1403        57       512    0.4218    0.5206    0.4313    0.1983   0.05211   0.06567   0.01968
     35/95        0G   0.05514   0.06365   0.01968    0.1385        77       512    0.4492    0.5145    0.4473    0.2183   0.05072   0.06454   0.01869
     36/95        0G    0.0535   0.06422   0.01909    0.1368        61       512    0.4857    0.5234    0.4612    0.2222   0.04896   0.06473   0.01776
     37/95        0G   0.05357   0.06223   0.01834    0.1341        50       512    0.4504    0.5408    0.4487    0.2294   0.04922   0.06446   0.01712
     38/95        0G   0.05414   0.06104   0.01764    0.1328        49       512    0.4649    0.5362     0.466    0.2385   0.04792   0.06379   0.01669
     39/95        0G   0.05168   0.06065   0.01687    0.1292        57       512    0.4863     0.583    0.4831    0.2573   0.04757    0.0634    0.0161
     40/95        0G   0.05024   0.06301   0.01651    0.1298        54       512    0.4664    0.6144    0.4896    0.2676   0.04543   0.06363   0.01583
     41/95        0G   0.05199   0.06122   0.01625    0.1295        61       512      0.48    0.6128    0.4964    0.2737   0.04606   0.06385   0.01543
     42/95        0G   0.05186   0.06076   0.01603    0.1287        57       512    0.4884    0.6333    0.5051    0.2467   0.04751    0.0644   0.01511
     43/95        0G   0.05037   0.05931   0.01575    0.1254        58       512    0.5071     0.617    0.5116    0.2887   0.04458   0.06285   0.01504
     44/95        0G   0.04869   0.06147   0.01544    0.1256        43       512    0.4821    0.6225    0.5038    0.2695   0.04554   0.06251   0.01486
     45/95        0G    0.0484    0.0612    0.0154     0.125        75       512    0.5106    0.6301    0.5171    0.2904    0.0438   0.06191   0.01469
     46/95        0G   0.04993   0.06132   0.01552    0.1268        59       512    0.5153    0.5856    0.5116    0.2862   0.04474   0.06142   0.01456
     47/95        0G   0.04706   0.05912    0.0154    0.1216        57       512    0.5246    0.6241    0.5244    0.2992   0.04322   0.06161   0.01443
     48/95        0G   0.04657   0.06069   0.01485    0.1221        61       512    0.5283    0.6324     0.527    0.3078   0.04226   0.06055   0.01439
     49/95        0G   0.04542   0.05807   0.01449     0.118        60       512    0.5353    0.6341    0.5298    0.3183   0.04263   0.06028   0.01423
     50/95        0G   0.04609   0.05962   0.01475    0.1205        51       512     0.523    0.6304    0.5305    0.3185   0.04183   0.06053   0.01424
     51/95        0G   0.04608   0.06058   0.01484    0.1215        61       512    0.5323    0.6493    0.5357    0.3114   0.04321   0.06039   0.01407
     52/95        0G   0.04608   0.05916   0.01432    0.1196        62       512    0.5464    0.6274    0.5325    0.3196   0.04197   0.05969   0.01405
     53/95        0G   0.04462   0.05676   0.01403    0.1154        61       512    0.5501    0.6551    0.5359    0.3349   0.04041    0.0592     0.014
     54/95        0G   0.04319   0.05832   0.01479    0.1163        57       512    0.5328    0.6609    0.5361    0.3306   0.04055   0.05902     0.014
     55/95        0G   0.04283   0.05811   0.01433    0.1153        72       512    0.5003    0.6994    0.5387    0.3332   0.04048   0.05996    0.0138
     56/95        0G   0.04304   0.05682   0.01433    0.1142        52       512    0.5482    0.6521    0.5398    0.3393   0.03986    0.0585   0.01373
     57/95        0G   0.04345   0.05722   0.01446    0.1151        60       512    0.5249    0.6954    0.5404     0.342   0.03949   0.05825   0.01373
     58/95        0G   0.04225   0.05864   0.01407     0.115        51       512    0.5465    0.6637    0.5397    0.3399    0.0396   0.05847   0.01364
     59/95        0G    0.0409   0.05616   0.01434    0.1114        38       512    0.5512    0.6441    0.5441     0.347   0.03913   0.05802   0.01362
     60/95        0G   0.04136   0.05435   0.01432      0.11        51       512    0.5535    0.6459    0.5445    0.3432   0.03923   0.05798   0.01367
     61/95        0G   0.04074    0.0578   0.01391    0.1124        73       512    0.5623    0.6344    0.5453    0.3543   0.03868   0.05744   0.01365
     62/95        0G    0.0409   0.05537   0.01388    0.1102        61       512    0.5407    0.6693    0.5463    0.3544   0.03867   0.05737   0.01356
     63/95        0G   0.04015   0.05928    0.0142    0.1136        85       512    0.5678    0.6454    0.5477    0.3486   0.03948   0.05774   0.01353
     64/95        0G   0.04061   0.05457   0.01373    0.1089        61       512    0.5458    0.6728    0.5462    0.3601   0.03858   0.05724   0.01347
     65/95        0G   0.03982   0.05561   0.01379    0.1092        58       512    0.5349    0.7007    0.5447    0.3578   0.03822   0.05728   0.01344
     66/95        0G   0.03957    0.0556   0.01396    0.1091        65       512    0.5492    0.6523    0.5462    0.3528   0.03864   0.05753   0.01345
     67/95        0G   0.04105   0.05448   0.01397    0.1095        70       512    0.5393    0.6771    0.5456    0.3597   0.03814   0.05717   0.01345
     68/95        0G   0.03956   0.05337    0.0144    0.1073        54       512    0.5379    0.6863    0.5491    0.3597   0.03792    0.0568   0.01343
     69/95        0G   0.04038   0.05624   0.01376    0.1104        54       512    0.5229    0.7169    0.5506    0.3635   0.03781   0.05676   0.01336
     70/95        0G    0.0386   0.05373   0.01396    0.1063        39       512    0.5491    0.6667    0.5512    0.3624   0.03777   0.05673   0.01339
     71/95        0G   0.03874   0.05357   0.01376    0.1061        61       512    0.5213    0.7173    0.5476    0.3611   0.03786   0.05692   0.01341
     72/95        0G   0.03782   0.05281   0.01389    0.1045        50       512    0.5294    0.7109    0.5507    0.3645   0.03771   0.05679   0.01331
     73/95        0G    0.0384   0.05221   0.01365    0.1043        57       512    0.5398    0.6993    0.5528    0.3689   0.03734   0.05632   0.01336
     74/95        0G     0.038   0.05315   0.01398    0.1051        36       512    0.5678    0.6627    0.5509    0.3548   0.03906   0.05724   0.01326
     75/95        0G   0.03808   0.05409   0.01349    0.1057        58       512    0.5569     0.647    0.5484    0.3662   0.03738   0.05642   0.01354
     76/95        0G   0.03765   0.05369   0.01348    0.1048        60       512    0.5308    0.7178    0.5523    0.3641   0.03791   0.05668   0.01326
     77/95        0G   0.03885   0.05532   0.01375    0.1079        61       512    0.5662    0.6661    0.5523    0.3657   0.03757   0.05641   0.01326
     78/95        0G   0.03756   0.05226   0.01352    0.1033        48       512    0.5374    0.7187    0.5538    0.3712   0.03708   0.05613   0.01324
     79/95        0G   0.03792   0.05314   0.01368    0.1047        87       512    0.5368    0.7141    0.5528    0.3683   0.03707   0.05621   0.01324
     80/95        0G   0.03704   0.05191   0.01362    0.1026        50       512    0.5717    0.6646    0.5516    0.3701   0.03706    0.0564   0.01321
     81/95        0G   0.03855    0.0525   0.01382    0.1049        53       512    0.5427    0.6954    0.5511     0.369   0.03708   0.05612   0.01328
     82/95        0G   0.03779   0.05291   0.01345    0.1041        58       512    0.5362    0.7086    0.5524    0.3724   0.03685   0.05591   0.01324
     83/95        0G   0.03728   0.05189   0.01343    0.1026        57       512    0.5422    0.7108    0.5535    0.3731   0.03679   0.05586    0.0132
     84/95        0G    0.0385   0.05568   0.01346    0.1076        59       512    0.5414    0.7176    0.5542    0.3718   0.03693   0.05588   0.01319
     85/95        0G   0.03688   0.05236   0.01365    0.1029        61       512    0.5585    0.6779    0.5526    0.3744   0.03668   0.05573   0.01319
     86/95        0G   0.03643   0.05123   0.01385    0.1015        61       512     0.559    0.6774    0.5511    0.3707   0.03674   0.05594   0.01325
     87/95        0G   0.03711   0.05295    0.0138    0.1039        52       512     0.565    0.6789    0.5549    0.3754    0.0367   0.05586   0.01318
     88/95        0G    0.0368   0.05388   0.01323    0.1039        73       512    0.5567     0.687    0.5593    0.3765   0.03703   0.05578   0.01318
     89/95        0G   0.03653   0.05183   0.01328    0.1016        61       512    0.5654    0.6691    0.5571    0.3766   0.03658   0.05557   0.01322
     90/95        0G   0.03664   0.05591   0.01361    0.1062        85       512    0.5642    0.6744    0.5558    0.3739   0.03678    0.0559   0.01318
     91/95        0G   0.03691   0.05123   0.01312    0.1013        61       512    0.5658    0.6737    0.5574    0.3728   0.03671   0.05575   0.01317
     92/95        0G   0.03653    0.0523   0.01323    0.1021        58       512    0.5428    0.7195    0.5556    0.3762   0.03654   0.05571   0.01316
     93/95        0G   0.03638   0.05234   0.01344    0.1022        65       512    0.5639     0.677    0.5555    0.3751   0.03648    0.0557   0.01316
     94/95        0G    0.0377   0.05143   0.01342    0.1026        70       512    0.5519    0.6922    0.5551    0.3731   0.03653   0.05585   0.01312
     95/95        0G   0.03705   0.05059   0.01393    0.1016        54       512    0.5623    0.6754    0.5567    0.3758   0.03653    0.0557   0.01314
