      0/71     1.96G   0.08603    0.1591   0.03526    0.2804        28      2048    0.1105    0.2058    0.0625   0.01317   0.07885    0.1382   0.03396
      1/71     2.66G    0.0676    0.1096   0.03033    0.2075        28      2048     0.187    0.4407    0.2041   0.07739    0.0579    0.1399   0.02873
      2/71     2.66G   0.06055   0.09997   0.02743     0.188        28      2048    0.1409    0.4203    0.1426   0.04453   0.05911    0.1113   0.02612
      3/71     2.66G   0.05532   0.09525   0.02496    0.1755        28      2048    0.1568     0.322    0.1742    0.0499   0.06262     0.105   0.02465
      4/71     2.66G   0.04928    0.0907   0.02379    0.1638        28      2048    0.1912    0.5134    0.2451    0.1023   0.04698     0.102   0.02383
      5/71     2.66G   0.04354   0.09117   0.02338    0.1581        55      2048    0.2308     0.612    0.3355    0.1648   0.03796   0.09691   0.02261
      6/71     2.66G   0.03866   0.08745   0.02215    0.1483        25      2048    0.2812    0.5626    0.3707    0.2176   0.03654   0.09542   0.02067
      7/71     2.66G   0.03563   0.08073   0.02011    0.1365        28      2048    0.3566    0.5812    0.4224    0.1787   0.04299    0.0911   0.01837
      8/71     2.66G   0.03779   0.07452   0.01788    0.1302        28      2048    0.4194    0.6226    0.5209    0.3012   0.03429   0.09208   0.01604
      9/71     2.66G   0.03302   0.07483   0.01587    0.1237        28      2048     0.417    0.7101    0.5444     0.308    0.0341   0.09166   0.01457
     10/71     2.66G   0.03365   0.07885   0.01493    0.1274        60      2048    0.4353    0.6777    0.5144    0.2543   0.03683    0.0905   0.01341
     11/71     2.66G   0.03176   0.07536   0.01392     0.121        28      2048    0.5285    0.7198      0.61    0.3584   0.02906   0.08607   0.01257
     12/71     2.66G   0.03033   0.07276   0.01372    0.1168        23      2048    0.5108    0.7296    0.6122    0.4184   0.02564   0.08479    0.0125
     13/71     2.67G   0.02851   0.07074   0.01229    0.1115        28      2048    0.5108    0.7339    0.6117    0.3933   0.03102    0.0845   0.01168
     14/71     2.67G   0.02858   0.07022   0.01215    0.1109        54      2048    0.5465    0.7267    0.6218    0.4188   0.02718   0.08428   0.01135
     15/71     2.67G   0.02722   0.06533    0.0119    0.1044        23      2048    0.5047    0.7855     0.626    0.4323   0.02615   0.08334    0.0116
     16/71     2.67G   0.02837   0.07367   0.01175    0.1138        28      2048    0.5432    0.7672     0.632    0.4198   0.02827   0.08239   0.01089
     17/71     2.67G   0.02611   0.06851   0.01161    0.1062        28      2048    0.5621    0.7705    0.6471    0.4487   0.02418   0.08163   0.01081
     18/71     2.67G    0.0255   0.06811    0.0117    0.1053        28      2048    0.5519    0.7879    0.6478    0.4342   0.02549   0.08247   0.01085
     19/71     2.67G   0.02565   0.07067   0.01137    0.1077        25      2048    0.5534    0.7957    0.6461    0.4429   0.02471   0.08045   0.01084
     20/71     2.67G   0.02614   0.06382   0.01145    0.1014        28      2048    0.5623    0.7689    0.6372    0.4391   0.02541   0.08085   0.01077
     21/71     2.67G    0.0249   0.06834   0.01102    0.1043        28      2048    0.5727     0.774    0.6397    0.4475   0.02428   0.08242   0.01068
     22/71     2.67G   0.02479   0.06856   0.01113    0.1045        22      2048    0.5655    0.7831    0.6418     0.446   0.02513   0.07932   0.01069
     23/71     2.67G   0.02508   0.06596     0.011     0.102        28      2048     0.555    0.7967    0.6449    0.4634   0.02272   0.07976   0.01067
     24/71     2.67G   0.02375   0.06338   0.01045   0.09757        28      2048    0.5546    0.8067    0.6516    0.4702   0.02469   0.07861   0.01081
     25/71     2.67G   0.02377    0.0633    0.0104   0.09746        28      2048    0.5747    0.7918    0.6475    0.4735   0.02278   0.07857    0.0104
     26/71     2.67G    0.0238   0.06363   0.01094   0.09838        22      2048    0.5733    0.7895    0.6475    0.4695   0.02416   0.07832   0.01052
     27/71     2.67G   0.02246   0.06304   0.01057   0.09607        28      2048    0.5853    0.7913    0.6527    0.4896   0.02201   0.07744   0.01013
     28/71     2.67G     0.023   0.06431   0.01066   0.09798        28      2048     0.572    0.7825     0.647    0.4641   0.02341   0.07799   0.01034
     29/71     2.67G   0.02209    0.0645  0.009806    0.0964        22      2048    0.5722    0.7903    0.6536    0.4979   0.02208    0.0787   0.01059
     30/71     2.67G     0.022   0.06252   0.01024   0.09476        28      2048    0.5902     0.798    0.6554    0.4914   0.02163   0.07681      0.01
     31/71     2.67G   0.02217   0.06155   0.01023   0.09395        28      2048    0.5798    0.8004      0.65    0.4975   0.02164   0.07696   0.01036
     32/71     2.67G   0.02124   0.06079   0.01021   0.09224        28      2048    0.5866    0.8062    0.6552    0.5004   0.02002   0.07645   0.00979
     33/71     2.67G   0.02083   0.06159   0.01053   0.09296        25      2048    0.5605     0.832     0.658    0.5029      0.02   0.07606   0.01043
     34/71     2.67G   0.02098   0.06085   0.01001   0.09184        48      2048    0.5779    0.8046    0.6523    0.4958   0.01991   0.07596  0.009802
     35/71     2.67G    0.0212   0.06153   0.01011   0.09284        28      2048    0.5714    0.8425    0.6561       0.5   0.02065   0.07582  0.009642
     36/71     2.67G   0.02105   0.06121  0.009894   0.09216        28      2048    0.5795    0.7972    0.6543    0.4971   0.02035   0.07646   0.01007
     37/71     2.67G   0.01929   0.05683  0.009733   0.08585        23      2048    0.5783    0.8202    0.6575    0.5085   0.01975   0.07644  0.009965
     38/71     2.67G   0.01981   0.05899  0.009684   0.08848        23      2048    0.5783    0.8217     0.653    0.5022   0.01943   0.07631  0.009658
     39/71     2.67G   0.01965   0.05758   0.01007    0.0873        28      2048    0.5921    0.7765    0.6556    0.4998   0.02032   0.07664  0.009885
     40/71     2.67G   0.02019     0.058  0.009958   0.08815        25      2048    0.5861    0.8193    0.6558    0.5073   0.01984   0.07623  0.009669
     41/71     2.67G   0.01938   0.05719  0.009546   0.08611        28      2048    0.5876    0.8203    0.6557    0.5145   0.01947   0.07659  0.009936
     42/71     2.67G    0.0197    0.0591   0.01008   0.08889        20      2048    0.5804    0.8156    0.6578     0.514   0.01976   0.07674   0.01011
     43/71     2.67G   0.01867   0.05552  0.009452   0.08365        28      2048    0.5761     0.837    0.6567    0.5124   0.01937   0.07627  0.009941
     44/71     2.67G   0.01933   0.06059  0.009604   0.08952        23      2048     0.585    0.8351     0.658    0.5242   0.01878   0.07563  0.009874
     45/71     2.67G   0.01862    0.0563  0.009622   0.08454        28      2048    0.5865    0.8301    0.6565    0.5128   0.01895   0.07593  0.009557
     46/71     2.67G   0.01876    0.0586  0.009514   0.08688        28      2048    0.5864    0.8211    0.6544    0.5201   0.01883   0.07546  0.009806
     47/71     2.67G   0.01861   0.05503   0.00956    0.0832        20      2048    0.5893    0.8095    0.6595    0.5199    0.0188   0.07571  0.009896
     48/71     2.67G   0.01747   0.05536  0.009321   0.08215        28      2048    0.5843    0.8339     0.661    0.5222   0.01883   0.07556  0.009787
     49/71     2.67G   0.01817   0.05936  0.009488   0.08702        28      2048    0.5906    0.8221    0.6643    0.5267   0.01847   0.07499  0.009745
     50/71     2.67G   0.01742   0.05401  0.009171    0.0806        28      2048    0.5917    0.8191    0.6698    0.5339   0.01825   0.07514  0.009853
     51/71     2.67G   0.01771   0.05784   0.00931   0.08485        28      2048    0.6063    0.7986    0.6668     0.532   0.01825    0.0756   0.00965
     52/71     2.67G   0.01797   0.05615  0.009367   0.08348        22      2048    0.5934    0.8102     0.665    0.5284   0.01823   0.07582  0.009712
     53/71     2.67G    0.0175   0.05455  0.009197   0.08125        25      2048    0.5912    0.8115    0.6674     0.534   0.01812   0.07515  0.009666
     54/71     2.67G    0.0174   0.05669   0.00961   0.08371        41      2048    0.5921     0.816    0.6647    0.5311   0.01818   0.07581  0.009533
     55/71     2.67G   0.01747   0.05663  0.009597   0.08369        28      2048    0.5963    0.8064    0.6683    0.5355   0.01811   0.07558  0.009478
     56/71     2.67G   0.01756   0.05409  0.009077   0.08073        29      2048    0.5863    0.8153    0.6625    0.5293   0.01786   0.07555  0.009789
     57/71     2.67G   0.01713   0.05443  0.009083   0.08065        28      2048     0.587    0.8111    0.6677    0.5349   0.01806   0.07576  0.009791
     58/71     2.67G   0.01759   0.05526  0.009499   0.08235        24      2048    0.5906    0.8081     0.666    0.5326   0.01792   0.07537  0.009685
     59/71     2.67G   0.01705   0.05621  0.009001   0.08226        28      2048    0.5924    0.8296    0.6671    0.5347   0.01788   0.07528  0.009671
     60/71     2.67G   0.01651   0.05412  0.009341   0.07998        28      2048     0.599    0.8202    0.6617    0.5314   0.01791   0.07631  0.009676
     61/71     2.67G   0.01671   0.05547  0.009183   0.08137        28      2048    0.6049    0.8152    0.6701     0.538   0.01783   0.07599  0.009557
     62/71     2.67G   0.01675   0.05542  0.008854   0.08102        28      2048    0.5915    0.8269     0.668    0.5394   0.01776   0.07591  0.009691
     63/71     2.67G   0.01719   0.05496  0.009308   0.08146        24      2048    0.5939    0.8412    0.6686    0.5411   0.01768   0.07602  0.009433
     64/71     2.67G   0.01673   0.05398  0.009243   0.07995        28      2048    0.5967    0.8234    0.6712    0.5423   0.01778   0.07557  0.009565
     65/71     2.67G   0.01723   0.05448  0.009118   0.08083        23      2048    0.6026    0.8082    0.6676    0.5355   0.01776   0.07597  0.009543
     66/71     2.67G   0.01646   0.05296  0.008902   0.07832        26      2048    0.5911    0.8395    0.6675    0.5399   0.01769   0.07559  0.009395
     67/71     2.67G    0.0165   0.05411  0.009058   0.07966        28      2048     0.598    0.8185    0.6664    0.5386   0.01764   0.07547  0.009666
     68/71     2.67G     0.017   0.05385  0.008735   0.07958        24      2048     0.598     0.833    0.6674    0.5414   0.01765   0.07598  0.009515
     69/71     2.67G   0.01655   0.05124   0.00953   0.07732        23      2048    0.5911    0.8364    0.6706    0.5403   0.01767     0.076  0.009465
     70/71     2.67G   0.01661   0.05459  0.008911   0.08011        28      2048    0.5985    0.8358    0.6686    0.5419   0.01756   0.07477  0.009273
     71/71     2.67G   0.01663   0.05356  0.008901   0.07909        28      2048    0.5981    0.8285    0.6707    0.5443   0.01754   0.07533  0.009365
